555660.7917100375 5298691.292212412
555660.8523592945 5298691.989580083
555660.9130085517 5298692.686947753
555660.9736578088 5298693.384315423
555661.0343070659 5298694.081683094
555661.094956323 5298694.779050764
555661.1556055802 5298695.476418434
555661.2162548372 5298696.173786105
555661.2769040944 5298696.871153775
555661.3375533515 5298697.568521445
555661.3982026086 5298698.265889116
555661.4588518657 5298698.963256786
555661.5195011229 5298699.660624456
555661.5801503799 5298700.357992127
555661.6407996371 5298701.055359797
555661.7014488942 5298701.752727467
555661.7620981513 5298702.450095138
555661.8227474084 5298703.147462808
555661.8833966656 5298703.844830478
555661.9440459226 5298704.542198149
555662.0046951798 5298705.239565819
555662.0653444369 5298705.936933489
555662.125993694 5298706.6343011595
555662.1866429511 5298707.33166883
555662.2472922083 5298708.0290365
555662.3079414653 5298708.7264041705
555662.3685907224 5298709.4237718405
555662.4292399796 5298710.121139511
555662.4898892366 5298710.8185071815
