# 1 elevation, 2 discrete intensity, 3 int canopy, 4 int ground, 5 discrete count, 6 count canopy, 7 count ground, 8 discrete fraction, 9 fraction canopy, 10 fraction ground, 11 ALS pulse, 12 ALS and GEDI pulse, 13 ind decon, 14 ind decon GEDI, 15 decon GEDI, 16 ind decon
# fSigma 5.500000 pSigma 0.954850 res 0.150000 sideLobes 0
# coord 726670.36 4702479.68
# density point 3.301478 beam 2.643813
# meanScanAng 6.393523
# simpleGround 218.951209
288.809998 0.0000000000 0.000000 0.000000 0.0000000000 0.000000 0.000000 0.0000000000 0.000000 0.000000
288.660004 0.0000000000 0.000000 0.000000 0.0000000000 0.000000 0.000000 0.0000000000 0.000000 0.000000
288.510010 0.0000000000 0.000000 0.000000 0.0000000000 0.000000 0.000000 0.0000000000 0.000000 0.000000
288.359985 0.0000000000 0.000000 0.000000 0.0000000000 0.000000 0.000000 0.0000000000 0.000000 0.000000
288.209991 0.0000000000 0.000000 0.000000 0.0000000000 0.000000 0.000000 0.0000000000 0.000000 0.000000
288.059998 0.0000000000 0.000000 0.000000 0.0000000000 0.000000 0.000000 0.0000000000 0.000000 0.000000
287.910004 0.0000000000 0.000000 0.000000 0.0000000000 0.000000 0.000000 0.0000000000 0.000000 0.000000
287.760010 0.0000000000 0.000000 0.000000 0.0000000000 0.000000 0.000000 0.0000000000 0.000000 0.000000
287.609985 0.0000000000 0.000000 0.000000 0.0000000000 0.000000 0.000000 0.0000000000 0.000000 0.000000
287.459991 0.0000000000 0.000000 0.000000 0.0000000000 0.000000 0.000000 0.0000000000 0.000000 0.000000
287.309998 0.0000000000 0.000000 0.000000 0.0000000000 0.000000 0.000000 0.0000000000 0.000000 0.000000
287.160004 0.0000000000 0.000000 0.000000 0.0000000000 0.000000 0.000000 0.0000000000 0.000000 0.000000
287.010010 0.0000000000 0.000000 0.000000 0.0000000000 0.000000 0.000000 0.0000000000 0.000000 0.000000
286.859985 0.0000000000 0.000000 0.000000 0.0000000000 0.000000 0.000000 0.0000000000 0.000000 0.000000
286.709991 0.0000000000 0.000000 0.000000 0.0000000000 0.000000 0.000000 0.0000000000 0.000000 0.000000
286.559998 0.0000000000 0.000000 0.000000 0.0000000000 0.000000 0.000000 0.0000000000 0.000000 0.000000
286.410004 0.0000000000 0.000000 0.000000 0.0000000000 0.000000 0.000000 0.0000000000 0.000000 0.000000
286.260010 0.0000000000 0.000000 0.000000 0.0000000000 0.000000 0.000000 0.0000000000 0.000000 0.000000
286.109985 0.0000000000 0.000000 0.000000 0.0000000000 0.000000 0.000000 0.0000000000 0.000000 0.000000
285.959991 0.0000000000 0.000000 0.000000 0.0000000000 0.000000 0.000000 0.0000000000 0.000000 0.000000
285.809998 0.0000000000 0.000000 0.000000 0.0000000000 0.000000 0.000000 0.0000000000 0.000000 0.000000
285.660004 0.0000000000 0.000000 0.000000 0.0000000000 0.000000 0.000000 0.0000000000 0.000000 0.000000
285.510010 0.0000000000 0.000000 0.000000 0.0000000000 0.000000 0.000000 0.0000000000 0.000000 0.000000
285.359985 0.0000000000 0.000000 0.000000 0.0000000000 0.000000 0.000000 0.0000000000 0.000000 0.000000
285.209991 0.0000000000 0.000000 0.000000 0.0000000000 0.000000 0.000000 0.0000000000 0.000000 0.000000
285.059998 0.0000000000 0.000000 0.000000 0.0000000000 0.000000 0.000000 0.0000000000 0.000000 0.000000
284.910004 0.0000000000 0.000000 0.000000 0.0000000000 0.000000 0.000000 0.0000000000 0.000000 0.000000
284.760010 0.0000000000 0.000000 0.000000 0.0000000000 0.000000 0.000000 0.0000000000 0.000000 0.000000
284.609985 0.0000000000 0.000000 0.000000 0.0000000000 0.000000 0.000000 0.0000000000 0.000000 0.000000
284.459991 0.0000000000 0.000000 0.000000 0.0000000000 0.000000 0.000000 0.0000000000 0.000000 0.000000
284.309998 0.0000000000 0.000000 0.000000 0.0000000000 0.000000 0.000000 0.0000000000 0.000000 0.000000
284.160004 0.0000000000 0.000000 0.000000 0.0000000000 0.000000 0.000000 0.0000000000 0.000000 0.000000
284.010010 0.0000000000 0.000000 0.000000 0.0000000000 0.000000 0.000000 0.0000000000 0.000000 0.000000
283.859985 0.0000000000 0.000000 0.000000 0.0000000000 0.000000 0.000000 0.0000000000 0.000000 0.000000
283.709991 0.0000000000 0.000000 0.000000 0.0000000000 0.000000 0.000000 0.0000000000 0.000000 0.000000
283.559998 0.0000000000 0.000000 0.000000 0.0000000000 0.000000 0.000000 0.0000000000 0.000000 0.000000
283.410004 0.0000000000 0.000000 0.000000 0.0000000000 0.000000 0.000000 0.0000000000 0.000000 0.000000
283.260010 0.0000000000 0.000000 0.000000 0.0000000000 0.000000 0.000000 0.0000000000 0.000000 0.000000
283.109985 0.0000000000 0.000000 0.000000 0.0000000000 0.000000 0.000000 0.0000000000 0.000000 0.000000
282.959991 0.0000000000 0.000000 0.000000 0.0000000000 0.000000 0.000000 0.0000000000 0.000000 0.000000
282.809998 0.0000000000 0.000000 0.000000 0.0000000000 0.000000 0.000000 0.0000000000 0.000000 0.000000
282.660004 0.0000000000 0.000000 0.000000 0.0000000000 0.000000 0.000000 0.0000000000 0.000000 0.000000
282.510010 0.0000000000 0.000000 0.000000 0.0000000000 0.000000 0.000000 0.0000000000 0.000000 0.000000
282.359985 0.0000000000 0.000000 0.000000 0.0000000000 0.000000 0.000000 0.0000000000 0.000000 0.000000
282.209991 0.0000000000 0.000000 0.000000 0.0000000000 0.000000 0.000000 0.0000000000 0.000000 0.000000
282.059998 0.0000000000 0.000000 0.000000 0.0000000000 0.000000 0.000000 0.0000000000 0.000000 0.000000
281.910004 0.0000000000 0.000000 0.000000 0.0000000000 0.000000 0.000000 0.0000000000 0.000000 0.000000
281.760010 0.0000000000 0.000000 0.000000 0.0000000000 0.000000 0.000000 0.0000000000 0.000000 0.000000
281.609985 0.0000000000 0.000000 0.000000 0.0000000000 0.000000 0.000000 0.0000000000 0.000000 0.000000
281.459991 0.0000000000 0.000000 0.000000 0.0000000000 0.000000 0.000000 0.0000000000 0.000000 0.000000
281.309998 0.0000000000 0.000000 0.000000 0.0000000000 0.000000 0.000000 0.0000000000 0.000000 0.000000
281.160004 0.0000000000 0.000000 0.000000 0.0000000000 0.000000 0.000000 0.0000000000 0.000000 0.000000
281.010010 0.0000000000 0.000000 0.000000 0.0000000000 0.000000 0.000000 0.0000000000 0.000000 0.000000
280.859985 0.0000000000 0.000000 0.000000 0.0000000000 0.000000 0.000000 0.0000000000 0.000000 0.000000
280.709991 0.0000000000 0.000000 0.000000 0.0000000000 0.000000 0.000000 0.0000000000 0.000000 0.000000
280.559998 0.0000000000 0.000000 0.000000 0.0000000000 0.000000 0.000000 0.0000000000 0.000000 0.000000
280.410004 0.0000000000 0.000000 0.000000 0.0000000000 0.000000 0.000000 0.0000000000 0.000000 0.000000
280.260010 0.0000000000 0.000000 0.000000 0.0000000000 0.000000 0.000000 0.0000000000 0.000000 0.000000
280.109985 0.0000000000 0.000000 0.000000 0.0000000000 0.000000 0.000000 0.0000000000 0.000000 0.000000
279.959991 0.0000000000 0.000000 0.000000 0.0000000000 0.000000 0.000000 0.0000000000 0.000000 0.000000
279.809998 0.0000000000 0.000000 0.000000 0.0000000000 0.000000 0.000000 0.0000000000 0.000000 0.000000
279.660004 0.0000000000 0.000000 0.000000 0.0000000000 0.000000 0.000000 0.0000000000 0.000000 0.000000
279.510010 0.0000000000 0.000000 0.000000 0.0000000000 0.000000 0.000000 0.0000000000 0.000000 0.000000
279.359985 0.0000000000 0.000000 0.000000 0.0000000000 0.000000 0.000000 0.0000000000 0.000000 0.000000
279.209991 0.0000000000 0.000000 0.000000 0.0000000000 0.000000 0.000000 0.0000000000 0.000000 0.000000
279.059998 0.0000000000 0.000000 0.000000 0.0000000000 0.000000 0.000000 0.0000000000 0.000000 0.000000
278.910004 0.0000000000 0.000000 0.000000 0.0000000000 0.000000 0.000000 0.0000000000 0.000000 0.000000
278.760010 0.0000000000 0.000000 0.000000 0.0000000000 0.000000 0.000000 0.0000000000 0.000000 0.000000
278.609985 0.0000000000 0.000000 0.000000 0.0000000000 0.000000 0.000000 0.0000000000 0.000000 0.000000
278.459991 0.0000000000 0.000000 0.000000 0.0000000000 0.000000 0.000000 0.0000000000 0.000000 0.000000
278.309998 0.0000000000 0.000000 0.000000 0.0000000000 0.000000 0.000000 0.0000000000 0.000000 0.000000
278.160004 0.0000000000 0.000000 0.000000 0.0000000000 0.000000 0.000000 0.0000000000 0.000000 0.000000
278.010010 0.0000000000 0.000000 0.000000 0.0000000000 0.000000 0.000000 0.0000000000 0.000000 0.000000
277.859985 0.0000000000 0.000000 0.000000 0.0000000000 0.000000 0.000000 0.0000000000 0.000000 0.000000
277.709991 0.0000000000 0.000000 0.000000 0.0000000000 0.000000 0.000000 0.0000000000 0.000000 0.000000
277.559998 0.0000000000 0.000000 0.000000 0.0000000000 0.000000 0.000000 0.0000000000 0.000000 0.000000
277.410004 0.0000000000 0.000000 0.000000 0.0000000000 0.000000 0.000000 0.0000000000 0.000000 0.000000
277.260010 0.0000000000 0.000000 0.000000 0.0000000000 0.000000 0.000000 0.0000000000 0.000000 0.000000
277.109985 0.0000000000 0.000000 0.000000 0.0000000000 0.000000 0.000000 0.0000000000 0.000000 0.000000
276.959991 0.0000000000 0.000000 0.000000 0.0000000000 0.000000 0.000000 0.0000000000 0.000000 0.000000
276.809998 0.0000000000 0.000000 0.000000 0.0000000000 0.000000 0.000000 0.0000000000 0.000000 0.000000
276.660004 0.0000000000 0.000000 0.000000 0.0000000000 0.000000 0.000000 0.0000000000 0.000000 0.000000
276.510010 0.0000000000 0.000000 0.000000 0.0000000000 0.000000 0.000000 0.0000000000 0.000000 0.000000
276.359985 0.0000000000 0.000000 0.000000 0.0000000000 0.000000 0.000000 0.0000000000 0.000000 0.000000
276.209991 0.0000000000 0.000000 0.000000 0.0000000000 0.000000 0.000000 0.0000000000 0.000000 0.000000
276.059998 0.0000000000 0.000000 0.000000 0.0000000000 0.000000 0.000000 0.0000000000 0.000000 0.000000
275.910004 0.0000000000 0.000000 0.000000 0.0000000000 0.000000 0.000000 0.0000000000 0.000000 0.000000
275.760010 0.0000000000 0.000000 0.000000 0.0000000000 0.000000 0.000000 0.0000000000 0.000000 0.000000
275.609985 0.0000000000 0.000000 0.000000 0.0000000000 0.000000 0.000000 0.0000000000 0.000000 0.000000
275.459991 0.0000000000 0.000000 0.000000 0.0000000000 0.000000 0.000000 0.0000000000 0.000000 0.000000
275.309998 0.0000000000 0.000000 0.000000 0.0000000000 0.000000 0.000000 0.0000000000 0.000000 0.000000
275.160004 0.0000000000 0.000000 0.000000 0.0000000000 0.000000 0.000000 0.0000000000 0.000000 0.000000
275.010010 0.0000000000 0.000000 0.000000 0.0000000000 0.000000 0.000000 0.0000000000 0.000000 0.000000
274.859985 0.0000000000 0.000000 0.000000 0.0000000000 0.000000 0.000000 0.0000000000 0.000000 0.000000
274.709991 0.0000000000 0.000000 0.000000 0.0000000000 0.000000 0.000000 0.0000000000 0.000000 0.000000
274.559998 0.0000000000 0.000000 0.000000 0.0000000000 0.000000 0.000000 0.0000000000 0.000000 0.000000
274.410004 0.0000000000 0.000000 0.000000 0.0000000000 0.000000 0.000000 0.0000000000 0.000000 0.000000
274.260010 0.0000000000 0.000000 0.000000 0.0000000000 0.000000 0.000000 0.0000000000 0.000000 0.000000
274.109985 0.0000000000 0.000000 0.000000 0.0000000000 0.000000 0.000000 0.0000000000 0.000000 0.000000
273.959991 0.0000000000 0.000000 0.000000 0.0000000000 0.000000 0.000000 0.0000000000 0.000000 0.000000
273.809998 0.0000000000 0.000000 0.000000 0.0000000000 0.000000 0.000000 0.0000000000 0.000000 0.000000
273.660004 0.0000000000 0.000000 0.000000 0.0000000000 0.000000 0.000000 0.0000000000 0.000000 0.000000
273.510010 0.0000000000 0.000000 0.000000 0.0000000000 0.000000 0.000000 0.0000000000 0.000000 0.000000
273.359985 0.0000000000 0.000000 0.000000 0.0000000000 0.000000 0.000000 0.0000000000 0.000000 0.000000
273.209991 0.0000000000 0.000000 0.000000 0.0000000000 0.000000 0.000000 0.0000000000 0.000000 0.000000
273.059998 0.0000000000 0.000000 0.000000 0.0000000000 0.000000 0.000000 0.0000000000 0.000000 0.000000
272.910004 0.0000000000 0.000000 0.000000 0.0000000000 0.000000 0.000000 0.0000000000 0.000000 0.000000
272.760010 0.0000000000 0.000000 0.000000 0.0000000000 0.000000 0.000000 0.0000000000 0.000000 0.000000
272.609985 0.0000000000 0.000000 0.000000 0.0000000000 0.000000 0.000000 0.0000000000 0.000000 0.000000
272.459991 0.0000000000 0.000000 0.000000 0.0000000000 0.000000 0.000000 0.0000000000 0.000000 0.000000
272.309998 0.0000000000 0.000000 0.000000 0.0000000000 0.000000 0.000000 0.0000000000 0.000000 0.000000
272.160004 0.0000000000 0.000000 0.000000 0.0000000000 0.000000 0.000000 0.0000000000 0.000000 0.000000
272.010010 0.0000000000 0.000000 0.000000 0.0000000000 0.000000 0.000000 0.0000000000 0.000000 0.000000
271.859985 0.0000000000 0.000000 0.000000 0.0000000000 0.000000 0.000000 0.0000000000 0.000000 0.000000
271.709991 0.0000000000 0.000000 0.000000 0.0000000000 0.000000 0.000000 0.0000000000 0.000000 0.000000
271.559998 0.0000000000 0.000000 0.000000 0.0000000000 0.000000 0.000000 0.0000000000 0.000000 0.000000
271.410004 0.0000000000 0.000000 0.000000 0.0000000000 0.000000 0.000000 0.0000000000 0.000000 0.000000
271.260010 0.0000000000 0.000000 0.000000 0.0000000000 0.000000 0.000000 0.0000000000 0.000000 0.000000
271.109985 0.0000000000 0.000000 0.000000 0.0000000000 0.000000 0.000000 0.0000000000 0.000000 0.000000
270.959991 0.0000000000 0.000000 0.000000 0.0000000000 0.000000 0.000000 0.0000000000 0.000000 0.000000
270.809998 0.0000000000 0.000000 0.000000 0.0000000000 0.000000 0.000000 0.0000000000 0.000000 0.000000
270.660004 0.0000000000 0.000000 0.000000 0.0000000000 0.000000 0.000000 0.0000000000 0.000000 0.000000
270.510010 0.0000000000 0.000000 0.000000 0.0000000000 0.000000 0.000000 0.0000000000 0.000000 0.000000
270.359985 0.0000000000 0.000000 0.000000 0.0000000000 0.000000 0.000000 0.0000000000 0.000000 0.000000
270.209991 0.0000000000 0.000000 0.000000 0.0000000000 0.000000 0.000000 0.0000000000 0.000000 0.000000
270.059998 0.0000000000 0.000000 0.000000 0.0000000000 0.000000 0.000000 0.0000000000 0.000000 0.000000
269.910004 0.0000000000 0.000000 0.000000 0.0000000000 0.000000 0.000000 0.0000000000 0.000000 0.000000
269.760010 0.0000000000 0.000000 0.000000 0.0000000000 0.000000 0.000000 0.0000000000 0.000000 0.000000
269.609985 0.0000000000 0.000000 0.000000 0.0000000000 0.000000 0.000000 0.0000000000 0.000000 0.000000
269.459991 0.0000000000 0.000000 0.000000 0.0000000000 0.000000 0.000000 0.0000000000 0.000000 0.000000
269.309998 0.0000000000 0.000000 0.000000 0.0000000000 0.000000 0.000000 0.0000000000 0.000000 0.000000
269.160004 0.0000000000 0.000000 0.000000 0.0000000000 0.000000 0.000000 0.0000000000 0.000000 0.000000
269.010010 0.0000000000 0.000000 0.000000 0.0000000000 0.000000 0.000000 0.0000000000 0.000000 0.000000
268.859985 0.0000000000 0.000000 0.000000 0.0000000000 0.000000 0.000000 0.0000000000 0.000000 0.000000
268.709991 0.0000000000 0.000000 0.000000 0.0000000000 0.000000 0.000000 0.0000000000 0.000000 0.000000
268.559998 0.0000000000 0.000000 0.000000 0.0000000000 0.000000 0.000000 0.0000000000 0.000000 0.000000
268.410004 0.0000000000 0.000000 0.000000 0.0000000000 0.000000 0.000000 0.0000000000 0.000000 0.000000
268.260010 0.0000000000 0.000000 0.000000 0.0000000000 0.000000 0.000000 0.0000000000 0.000000 0.000000
268.109985 0.0000000000 0.000000 0.000000 0.0000000000 0.000000 0.000000 0.0000000000 0.000000 0.000000
267.959991 0.0000000000 0.000000 0.000000 0.0000000000 0.000000 0.000000 0.0000000000 0.000000 0.000000
267.809998 0.0000000000 0.000000 0.000000 0.0000000000 0.000000 0.000000 0.0000000000 0.000000 0.000000
267.660004 0.0000000000 0.000000 0.000000 0.0000000000 0.000000 0.000000 0.0000000000 0.000000 0.000000
267.510010 0.0000000000 0.000000 0.000000 0.0000000000 0.000000 0.000000 0.0000000000 0.000000 0.000000
267.359985 0.0000000000 0.000000 0.000000 0.0000000000 0.000000 0.000000 0.0000000000 0.000000 0.000000
267.209991 0.0000000000 0.000000 0.000000 0.0000000000 0.000000 0.000000 0.0000000000 0.000000 0.000000
267.059998 0.0000000000 0.000000 0.000000 0.0000000000 0.000000 0.000000 0.0000000000 0.000000 0.000000
266.910004 0.0000000000 0.000000 0.000000 0.0000000000 0.000000 0.000000 0.0000000000 0.000000 0.000000
266.760010 0.0000000000 0.000000 0.000000 0.0000000000 0.000000 0.000000 0.0000000000 0.000000 0.000000
266.609985 0.0000000000 0.000000 0.000000 0.0000000000 0.000000 0.000000 0.0000000000 0.000000 0.000000
266.459991 0.0000000000 0.000000 0.000000 0.0000000000 0.000000 0.000000 0.0000000000 0.000000 0.000000
266.309998 0.0000000000 0.000000 0.000000 0.0000000000 0.000000 0.000000 0.0000000000 0.000000 0.000000
266.160004 0.0000000000 0.000000 0.000000 0.0000000000 0.000000 0.000000 0.0000000000 0.000000 0.000000
266.010010 0.0000000000 0.000000 0.000000 0.0000000000 0.000000 0.000000 0.0000000000 0.000000 0.000000
265.859985 0.0000000000 0.000000 0.000000 0.0000000000 0.000000 0.000000 0.0000000000 0.000000 0.000000
265.709991 0.0000000000 0.000000 0.000000 0.0000000000 0.000000 0.000000 0.0000000000 0.000000 0.000000
265.559998 0.0000000000 0.000000 0.000000 0.0000000000 0.000000 0.000000 0.0000000000 0.000000 0.000000
265.410004 0.0000000000 0.000000 0.000000 0.0000000000 0.000000 0.000000 0.0000000000 0.000000 0.000000
265.260010 0.0000000000 0.000000 0.000000 0.0000000000 0.000000 0.000000 0.0000000000 0.000000 0.000000
265.109985 0.0000000000 0.000000 0.000000 0.0000000000 0.000000 0.000000 0.0000000000 0.000000 0.000000
264.959991 0.0000000000 0.000000 0.000000 0.0000000000 0.000000 0.000000 0.0000000000 0.000000 0.000000
264.809998 0.0000000000 0.000000 0.000000 0.0000000000 0.000000 0.000000 0.0000000000 0.000000 0.000000
264.660004 0.0000000000 0.000000 0.000000 0.0000000000 0.000000 0.000000 0.0000000000 0.000000 0.000000
264.510010 0.0000000000 0.000000 0.000000 0.0000000000 0.000000 0.000000 0.0000000000 0.000000 0.000000
264.359985 0.0000000000 0.000000 0.000000 0.0000000000 0.000000 0.000000 0.0000000000 0.000000 0.000000
264.209991 0.0000000000 0.000000 0.000000 0.0000000000 0.000000 0.000000 0.0000000000 0.000000 0.000000
264.059998 0.0000000000 0.000000 0.000000 0.0000000000 0.000000 0.000000 0.0000000000 0.000000 0.000000
263.910004 0.0000000000 0.000000 0.000000 0.0000000000 0.000000 0.000000 0.0000000000 0.000000 0.000000
263.760010 0.0000000000 0.000000 0.000000 0.0000000000 0.000000 0.000000 0.0000000000 0.000000 0.000000
263.609985 0.0000000000 0.000000 0.000000 0.0000000000 0.000000 0.000000 0.0000000000 0.000000 0.000000
263.459991 0.0000000000 0.000000 0.000000 0.0000000000 0.000000 0.000000 0.0000000000 0.000000 0.000000
263.309998 0.0000000000 0.000000 0.000000 0.0000000000 0.000000 0.000000 0.0000000000 0.000000 0.000000
263.160004 0.0000000000 0.000000 0.000000 0.0000000000 0.000000 0.000000 0.0000000000 0.000000 0.000000
263.010010 0.0000000000 0.000000 0.000000 0.0000000000 0.000000 0.000000 0.0000000000 0.000000 0.000000
262.859985 0.0000000000 0.000000 0.000000 0.0000000000 0.000000 0.000000 0.0000000000 0.000000 0.000000
262.709991 0.0000000000 0.000000 0.000000 0.0000000000 0.000000 0.000000 0.0000000000 0.000000 0.000000
262.559998 0.0000000000 0.000000 0.000000 0.0000000000 0.000000 0.000000 0.0000000000 0.000000 0.000000
262.410004 0.0000000000 0.000000 0.000000 0.0000000000 0.000000 0.000000 0.0000000000 0.000000 0.000000
262.260010 0.0000000000 0.000000 0.000000 0.0000000000 0.000000 0.000000 0.0000000000 0.000000 0.000000
262.109985 0.0000000000 0.000000 0.000000 0.0000000000 0.000000 0.000000 0.0000000000 0.000000 0.000000
261.959991 0.0000000000 0.000000 0.000000 0.0000000000 0.000000 0.000000 0.0000000000 0.000000 0.000000
261.809998 0.0000000000 0.000000 0.000000 0.0000000000 0.000000 0.000000 0.0000000000 0.000000 0.000000
261.660004 0.0000000000 0.000000 0.000000 0.0000000000 0.000000 0.000000 0.0000000000 0.000000 0.000000
261.510010 0.0000000000 0.000000 0.000000 0.0000000000 0.000000 0.000000 0.0000000000 0.000000 0.000000
261.359985 0.0000000000 0.000000 0.000000 0.0000000000 0.000000 0.000000 0.0000000000 0.000000 0.000000
261.209991 0.0000000000 0.000000 0.000000 0.0000000000 0.000000 0.000000 0.0000000000 0.000000 0.000000
261.059998 0.0000000000 0.000000 0.000000 0.0000000000 0.000000 0.000000 0.0000000000 0.000000 0.000000
260.910004 0.0000000000 0.000000 0.000000 0.0000000000 0.000000 0.000000 0.0000000000 0.000000 0.000000
260.760010 0.0000000000 0.000000 0.000000 0.0000000000 0.000000 0.000000 0.0000000000 0.000000 0.000000
260.609985 0.0000000000 0.000000 0.000000 0.0000000000 0.000000 0.000000 0.0000000000 0.000000 0.000000
260.459991 0.0000000000 0.000000 0.000000 0.0000000000 0.000000 0.000000 0.0000000000 0.000000 0.000000
260.309998 0.0000000000 0.000000 0.000000 0.0000000000 0.000000 0.000000 0.0000000000 0.000000 0.000000
260.160004 0.0000000000 0.000000 0.000000 0.0000000000 0.000000 0.000000 0.0000000000 0.000000 0.000000
260.010010 0.0000000000 0.000000 0.000000 0.0000000000 0.000000 0.000000 0.0000000000 0.000000 0.000000
259.859985 0.0000000000 0.000000 0.000000 0.0000000000 0.000000 0.000000 0.0000000000 0.000000 0.000000
259.709991 0.0000000000 0.000000 0.000000 0.0000000000 0.000000 0.000000 0.0000000000 0.000000 0.000000
259.559998 0.0000000000 0.000000 0.000000 0.0000000000 0.000000 0.000000 0.0000000000 0.000000 0.000000
259.410004 0.0000000000 0.000000 0.000000 0.0000000000 0.000000 0.000000 0.0000000000 0.000000 0.000000
259.260010 0.0000000000 0.000000 0.000000 0.0000000000 0.000000 0.000000 0.0000000000 0.000000 0.000000
259.109985 0.0000000000 0.000000 0.000000 0.0000000000 0.000000 0.000000 0.0000000000 0.000000 0.000000
258.959991 0.0000000000 0.000000 0.000000 0.0000000000 0.000000 0.000000 0.0000000000 0.000000 0.000000
258.809998 0.0000000000 0.000000 0.000000 0.0000000000 0.000000 0.000000 0.0000000000 0.000000 0.000000
258.660004 0.0000000000 0.000000 0.000000 0.0000000000 0.000000 0.000000 0.0000000000 0.000000 0.000000
258.510010 0.0000000000 0.000000 0.000000 0.0000000000 0.000000 0.000000 0.0000000000 0.000000 0.000000
258.359985 0.0000000000 0.000000 0.000000 0.0000000000 0.000000 0.000000 0.0000000000 0.000000 0.000000
258.209991 0.0000000000 0.000000 0.000000 0.0000000000 0.000000 0.000000 0.0000000000 0.000000 0.000000
258.059998 0.0000000000 0.000000 0.000000 0.0000000000 0.000000 0.000000 0.0000000000 0.000000 0.000000
257.910004 0.0000000000 0.000000 0.000000 0.0000000000 0.000000 0.000000 0.0000000000 0.000000 0.000000
257.760010 0.0000000000 0.000000 0.000000 0.0000000000 0.000000 0.000000 0.0000000000 0.000000 0.000000
257.609985 0.0000000000 0.000000 0.000000 0.0000000000 0.000000 0.000000 0.0000000000 0.000000 0.000000
257.459991 0.0000000000 0.000000 0.000000 0.0000000000 0.000000 0.000000 0.0000000000 0.000000 0.000000
257.309998 0.0000000000 0.000000 0.000000 0.0000000000 0.000000 0.000000 0.0000000000 0.000000 0.000000
257.160004 0.0000000000 0.000000 0.000000 0.0000000000 0.000000 0.000000 0.0000000000 0.000000 0.000000
257.010010 0.0000000000 0.000000 0.000000 0.0000000000 0.000000 0.000000 0.0000000000 0.000000 0.000000
256.859985 0.0000000000 0.000000 0.000000 0.0000000000 0.000000 0.000000 0.0000000000 0.000000 0.000000
256.709991 0.0000000000 0.000000 0.000000 0.0000000000 0.000000 0.000000 0.0000000000 0.000000 0.000000
256.559998 0.0000000000 0.000000 0.000000 0.0000000000 0.000000 0.000000 0.0000000000 0.000000 0.000000
256.410004 0.0000000000 0.000000 0.000000 0.0000000000 0.000000 0.000000 0.0000000000 0.000000 0.000000
256.260010 0.0000000000 0.000000 0.000000 0.0000000000 0.000000 0.000000 0.0000000000 0.000000 0.000000
256.109985 0.0000000000 0.000000 0.000000 0.0000000000 0.000000 0.000000 0.0000000000 0.000000 0.000000
255.959991 0.0000000000 0.000000 0.000000 0.0000000000 0.000000 0.000000 0.0000000000 0.000000 0.000000
255.809998 0.0000000000 0.000000 0.000000 0.0000000000 0.000000 0.000000 0.0000000000 0.000000 0.000000
255.660004 0.0000000000 0.000000 0.000000 0.0000000000 0.000000 0.000000 0.0000000000 0.000000 0.000000
255.509995 0.0000000000 0.000000 0.000000 0.0000000000 0.000000 0.000000 0.0000000000 0.000000 0.000000
255.360001 0.0000000000 0.000000 0.000000 0.0000000000 0.000000 0.000000 0.0000000000 0.000000 0.000000
255.209991 0.0000000000 0.000000 0.000000 0.0000000000 0.000000 0.000000 0.0000000000 0.000000 0.000000
255.059998 0.0000000000 0.000000 0.000000 0.0000000000 0.000000 0.000000 0.0000000000 0.000000 0.000000
254.910004 0.0000000000 0.000000 0.000000 0.0000000000 0.000000 0.000000 0.0000000000 0.000000 0.000000
254.759995 0.0000000000 0.000000 0.000000 0.0000000000 0.000000 0.000000 0.0000000000 0.000000 0.000000
254.610001 0.0000000000 0.000000 0.000000 0.0000000000 0.000000 0.000000 0.0000000000 0.000000 0.000000
254.459991 0.0000000000 0.000000 0.000000 0.0000000000 0.000000 0.000000 0.0000000000 0.000000 0.000000
254.309998 0.0000000000 0.000000 0.000000 0.0000000000 0.000000 0.000000 0.0000000000 0.000000 0.000000
254.160004 0.0000000000 0.000000 0.000000 0.0000000000 0.000000 0.000000 0.0000000000 0.000000 0.000000
254.009995 0.0000000000 0.000000 0.000000 0.0000000000 0.000000 0.000000 0.0000000000 0.000000 0.000000
253.860001 0.0000000160 0.000000 0.000000 0.0000000285 0.000000 0.000000 0.0000000183 0.000000 0.000000
253.709991 0.0000000413 0.000000 0.000000 0.0000000844 0.000000 0.000000 0.0000000540 0.000000 0.000000
253.559998 0.0000002683 0.000000 0.000000 0.0000002619 0.000000 0.000000 0.0000002379 0.000000 0.000000
253.410004 0.0000005601 0.000001 0.000000 0.0000005333 0.000001 0.000000 0.0000005116 0.000001 0.000000
253.259995 0.0000011270 0.000001 0.000000 0.0000010231 0.000001 0.000000 0.0000010160 0.000001 0.000000
253.110001 0.0000021101 0.000002 0.000000 0.0000019164 0.000002 0.000000 0.0000019255 0.000002 0.000000
252.959991 0.0000038258 0.000004 0.000000 0.0000033956 0.000003 0.000000 0.0000034657 0.000003 0.000000
252.809998 0.0000066686 0.000007 0.000000 0.0000058385 0.000006 0.000000 0.0000060536 0.000006 0.000000
252.660004 0.0000110532 0.000011 0.000000 0.0000096772 0.000010 0.000000 0.0000100526 0.000010 0.000000
252.509995 0.0000179452 0.000018 0.000000 0.0000155859 0.000016 0.000000 0.0000163021 0.000016 0.000000
252.360001 0.0000261854 0.000026 0.000000 0.0000205725 0.000021 0.000000 0.0000232847 0.000023 0.000000
252.209991 0.0000446559 0.000045 0.000000 0.0000373758 0.000037 0.000000 0.0000397579 0.000040 0.000000
252.059998 0.0000414551 0.000041 0.000000 0.0000462610 0.000046 0.000000 0.0000440261 0.000044 0.000000
251.910004 0.0001154497 0.000115 0.000000 0.0000903138 0.000090 0.000000 0.0000978938 0.000098 0.000000
251.759995 0.0001350690 0.000135 0.000000 0.0001183580 0.000118 0.000000 0.0001265274 0.000127 0.000000
251.610001 0.0002015496 0.000202 0.000000 0.0001625197 0.000163 0.000000 0.0001784416 0.000178 0.000000
251.459991 0.0002725060 0.000273 0.000000 0.0002387914 0.000239 0.000000 0.0002553059 0.000255 0.000000
251.309998 0.0003805703 0.000381 0.000000 0.0003177610 0.000318 0.000000 0.0003422424 0.000342 0.000000
251.160004 0.0005370514 0.000537 0.000000 0.0004373224 0.000437 0.000000 0.0004908356 0.000491 0.000000
251.009995 0.0006598585 0.000660 0.000000 0.0005691370 0.000569 0.000000 0.0006115625 0.000612 0.000000
250.860001 0.0008600309 0.000860 0.000000 0.0007195849 0.000720 0.000000 0.0007867793 0.000787 0.000000
250.709991 0.0010548489 0.001055 0.000000 0.0008937781 0.000894 0.000000 0.0009784600 0.000978 0.000000
250.559998 0.0013439551 0.001344 0.000000 0.0011445883 0.001145 0.000000 0.0012423592 0.001242 0.000000
250.410004 0.0016111188 0.001611 0.000000 0.0013674635 0.001367 0.000000 0.0014975006 0.001498 0.000000
250.259995 0.0018985720 0.001899 0.000000 0.0016272384 0.001627 0.000000 0.0017697605 0.001770 0.000000
250.110001 0.0022095430 0.002210 0.000000 0.0019026335 0.001903 0.000000 0.0020707736 0.002071 0.000000
249.959991 0.0025806404 0.002581 0.000000 0.0022142883 0.002214 0.000000 0.0024099585 0.002410 0.000000
249.809998 0.0028748042 0.002875 0.000000 0.0025029473 0.002503 0.000000 0.0027181362 0.002718 0.000000
249.660004 0.0033080762 0.003308 0.000000 0.0028914348 0.002891 0.000000 0.0031589027 0.003159 0.000000
249.509995 0.0036535149 0.003654 0.000000 0.0032077199 0.003208 0.000000 0.0034883991 0.003488 0.000000
249.360001 0.0039193281 0.003919 0.000000 0.0034660585 0.003466 0.000000 0.0037664413 0.003766 0.000000
249.209991 0.0043499735 0.004350 0.000000 0.0038551923 0.003855 0.000000 0.0042117103 0.004212 0.000000
249.059998 0.0046061948 0.004606 0.000000 0.0040917271 0.004092 0.000000 0.0044844151 0.004484 0.000000
248.910004 0.0049702828 0.004970 0.000000 0.0044568372 0.004457 0.000000 0.0048783161 0.004878 0.000000
248.759995 0.0052894591 0.005289 0.000000 0.0047241077 0.004724 0.000000 0.0052096471 0.005210 0.000000
248.610001 0.0056141801 0.005614 0.000000 0.0050565279 0.005057 0.000000 0.0055991933 0.005599 0.000000
248.459991 0.0060027046 0.006003 0.000000 0.0053650420 0.005365 0.000000 0.0059846574 0.005985 0.000000
248.309998 0.0063243732 0.006324 0.000000 0.0056986916 0.005699 0.000000 0.0063712271 0.006371 0.000000
248.160004 0.0067525660 0.006753 0.000000 0.0060385047 0.006039 0.000000 0.0067959679 0.006796 0.000000
248.009995 0.0072306767 0.007231 0.000000 0.0064331819 0.006433 0.000000 0.0072830468 0.007283 0.000000
247.860001 0.0075676711 0.007568 0.000000 0.0067891632 0.006789 0.000000 0.0077215545 0.007722 0.000000
247.709991 0.0082429843 0.008243 0.000000 0.0072713322 0.007271 0.000000 0.0083084824 0.008308 0.000000
247.559998 0.0087404130 0.008740 0.000000 0.0077282568 0.007728 0.000000 0.0088256225 0.008826 0.000000
247.410004 0.0096637616 0.009664 0.000000 0.0084634256 0.008463 0.000000 0.0097018285 0.009702 0.000000
247.259995 0.0103070242 0.010307 0.000000 0.0089522628 0.008952 0.000000 0.0102666458 0.010267 0.000000
247.110001 0.0113139171 0.011314 0.000000 0.0097894045 0.009789 0.000000 0.0112543004 0.011254 0.000000
246.959991 0.0121778240 0.012178 0.000000 0.0103974016 0.010397 0.000000 0.0119609246 0.011961 0.000000
246.809998 0.0134857642 0.013486 0.000000 0.0115246288 0.011525 0.000000 0.0132465372 0.013247 0.000000
246.660004 0.0151096974 0.015110 0.000000 0.0127122318 0.012712 0.000000 0.0146787874 0.014679 0.000000
246.509995 0.0168155208 0.016816 0.000000 0.0140059711 0.014006 0.000000 0.0161727946 0.016173 0.000000
246.360001 0.0184729192 0.018473 0.000000 0.0152203701 0.015220 0.000000 0.0176132396 0.017613 0.000000
246.209991 0.0206862427 0.020686 0.000000 0.0168515071 0.016852 0.000000 0.0195994880 0.019599 0.000000
246.059998 0.0231521782 0.023152 0.000000 0.0186775457 0.018678 0.000000 0.0216639582 0.021664 0.000000
245.910004 0.0257134475 0.025713 0.000000 0.0205954444 0.020595 0.000000 0.0240229554 0.024023 0.000000
245.759995 0.0286692791 0.028669 0.000000 0.0226966031 0.022697 0.000000 0.0265350621 0.026535 0.000000
245.610001 0.0322452188 0.032245 0.000000 0.0252884869 0.025288 0.000000 0.0296138786 0.029614 0.000000
245.459991 0.0355960913 0.035596 0.000000 0.0277256090 0.027726 0.000000 0.0325736590 0.032574 0.000000
245.309998 0.0398858972 0.039886 0.000000 0.0309089180 0.030909 0.000000 0.0363532938 0.036353 0.000000
245.160004 0.0438533723 0.043853 0.000000 0.0336427502 0.033643 0.000000 0.0397155136 0.039716 0.000000
245.009995 0.0485845208 0.048585 0.000000 0.0371979140 0.037198 0.000000 0.0437705293 0.043771 0.000000
244.860001 0.0540940277 0.054094 0.000000 0.0411167778 0.041117 0.000000 0.0485769771 0.048577 0.000000
244.709991 0.0595619939 0.059562 0.000000 0.0452125259 0.045213 0.000000 0.0532820374 0.053282 0.000000
244.559998 0.0652392656 0.065239 0.000000 0.0493383147 0.049338 0.000000 0.0583575815 0.058358 0.000000
244.410004 0.0719939694 0.071994 0.000000 0.0546250306 0.054625 0.000000 0.0642907396 0.064291 0.000000
244.259995 0.0786650181 0.078665 0.000000 0.0596016757 0.059602 0.000000 0.0700613186 0.070061 0.000000
244.110001 0.0859921649 0.085992 0.000000 0.0657137781 0.065714 0.000000 0.0767542645 0.076754 0.000000
243.959991 0.0937048793 0.093705 0.000000 0.0715894625 0.071589 0.000000 0.0835577324 0.083558 0.000000
243.809998 0.1015174985 0.101517 0.000000 0.0781648010 0.078165 0.000000 0.0907667577 0.090767 0.000000
243.660004 0.1096440926 0.109644 0.000000 0.0849419311 0.084942 0.000000 0.0981490240 0.098149 0.000000
243.509995 0.1178208143 0.117821 0.000000 0.0918870792 0.091887 0.000000 0.1057518646 0.105752 0.000000
243.360001 0.1262231767 0.126223 0.000000 0.0992430225 0.099243 0.000000 0.1134644672 0.113464 0.000000
243.209991 0.1345613599 0.134561 0.000000 0.1067397967 0.106740 0.000000 0.1214172617 0.121417 0.000000
243.059998 0.1421454847 0.142145 0.000000 0.1137258559 0.113726 0.000000 0.1287333369 0.128733 0.000000
242.910004 0.1489838958 0.148984 0.000000 0.1203340963 0.120334 0.000000 0.1352689415 0.135269 0.000000
242.759995 0.1552352607 0.155235 0.000000 0.1264901012 0.126490 0.000000 0.1415532827 0.141553 0.000000
242.610001 0.1607539058 0.160754 0.000000 0.1322403550 0.132240 0.000000 0.1472304314 0.147230 0.000000
242.459991 0.1647626311 0.164763 0.000000 0.1367425174 0.136743 0.000000 0.1515535116 0.151554 0.000000
242.309998 0.1675825119 0.167583 0.000000 0.1406873018 0.140687 0.000000 0.1549474299 0.154947 0.000000
242.160004 0.1690886617 0.169089 0.000000 0.1433762461 0.143376 0.000000 0.1571630388 0.157163 0.000000
242.009995 0.1691537797 0.169154 0.000000 0.1447380781 0.144738 0.000000 0.1581932306 0.158193 0.000000
241.860001 0.1687014401 0.168701 0.000000 0.1457090229 0.145709 0.000000 0.1585038006 0.158504 0.000000
241.709991 0.1664358675 0.166436 0.000000 0.1455383301 0.145538 0.000000 0.1576366425 0.157637 0.000000
241.559998 0.1637737602 0.163774 0.000000 0.1445951909 0.144595 0.000000 0.1558868736 0.155887 0.000000
241.410004 0.1602497399 0.160250 0.000000 0.1431926191 0.143193 0.000000 0.1536700875 0.153670 0.000000
241.259995 0.1558110714 0.155811 0.000000 0.1409949213 0.140995 0.000000 0.1505439430 0.150544 0.000000
241.110001 0.1511144340 0.151114 0.000000 0.1384307891 0.138431 0.000000 0.1469430774 0.146943 0.000000
240.959991 0.1462839395 0.146284 0.000000 0.1355662942 0.135566 0.000000 0.1431955546 0.143196 0.000000
240.809998 0.1412843168 0.141284 0.000000 0.1332416534 0.133242 0.000000 0.1393340081 0.139334 0.000000
240.660004 0.1355513483 0.135551 0.000000 0.1292852759 0.129285 0.000000 0.1343521774 0.134352 0.000000
240.509995 0.1302894056 0.130289 0.000000 0.1263486892 0.126349 0.000000 0.1300269365 0.130027 0.000000
240.360001 0.1248244643 0.124824 0.000000 0.1228905842 0.122891 0.000000 0.1251953095 0.125195 0.000000
240.209991 0.1190632284 0.119063 0.000000 0.1190396100 0.119040 0.000000 0.1200285330 0.120029 0.000000
240.059998 0.1135330200 0.113533 0.000000 0.1152695641 0.115270 0.000000 0.1149430275 0.114943 0.000000
239.910004 0.1079232842 0.107923 0.000000 0.1114122793 0.111412 0.000000 0.1097965389 0.109797 0.000000
239.759995 0.1022393182 0.102239 0.000000 0.1072617993 0.107262 0.000000 0.1044196337 0.104420 0.000000
239.610001 0.0967328250 0.096733 0.000000 0.1031609699 0.103161 0.000000 0.0992425904 0.099243 0.000000
239.459991 0.0912032872 0.091203 0.000000 0.0988349020 0.098835 0.000000 0.0939276069 0.093928 0.000000
239.309998 0.0857193395 0.085719 0.000000 0.0943538547 0.094354 0.000000 0.0886458308 0.088646 0.000000
239.160004 0.0803287774 0.080329 0.000000 0.0897840336 0.089784 0.000000 0.0833938345 0.083394 0.000000
239.009995 0.0751450211 0.075145 0.000000 0.0852361619 0.085236 0.000000 0.0783646703 0.078365 0.000000
238.860001 0.0699071363 0.069907 0.000000 0.0802976564 0.080298 0.000000 0.0731610581 0.073161 0.000000
238.709991 0.0648098215 0.064810 0.000000 0.0753511861 0.075351 0.000000 0.0680702999 0.068070 0.000000
238.559998 0.0598086454 0.059809 0.000000 0.0703801289 0.070380 0.000000 0.0630932376 0.063093 0.000000
238.410004 0.0549431704 0.054943 0.000000 0.0652684495 0.065268 0.000000 0.0581374280 0.058137 0.000000
238.259995 0.0502245612 0.050225 0.000000 0.0601377264 0.060138 0.000000 0.0532820523 0.053282 0.000000
238.110001 0.0456863679 0.045686 0.000000 0.0552350804 0.055235 0.000000 0.0487071462 0.048707 0.000000
237.959991 0.0412187427 0.041219 0.000000 0.0502364226 0.050236 0.000000 0.0441078395 0.044108 0.000000
237.809998 0.0372470804 0.037247 0.000000 0.0456931219 0.045693 0.000000 0.0399407446 0.039941 0.000000
237.660004 0.0334024914 0.033402 0.000000 0.0413642712 0.041364 0.000000 0.0359735265 0.035974 0.000000
237.509995 0.0298713855 0.029871 0.000000 0.0373366587 0.037337 0.000000 0.0323296934 0.032330 0.000000
237.360001 0.0267312508 0.026731 0.000000 0.0337957591 0.033796 0.000000 0.0290897246 0.029090 0.000000
237.209991 0.0238925107 0.023893 0.000000 0.0305934362 0.030593 0.000000 0.0261465404 0.026147 0.000000
237.059998 0.0215952378 0.021595 0.000000 0.0280568991 0.028057 0.000000 0.0237701982 0.023770 0.000000
236.910004 0.0194945522 0.019495 0.000000 0.0257982016 0.025798 0.000000 0.0216418616 0.021642 0.000000
236.759995 0.0178736039 0.017874 0.000000 0.0239847116 0.023985 0.000000 0.0198980514 0.019898 0.000000
236.610001 0.0164370928 0.016437 0.000000 0.0224270858 0.022427 0.000000 0.0184296649 0.018430 0.000000
236.459991 0.0153719615 0.015372 0.000000 0.0212873407 0.021287 0.000000 0.0172645878 0.017265 0.000000
236.309998 0.0144045157 0.014405 0.000000 0.0200254153 0.020025 0.000000 0.0161237791 0.016124 0.000000
236.160004 0.0137515720 0.013752 0.000000 0.0196175165 0.019618 0.000000 0.0155782029 0.015578 0.000000
236.009995 0.0130950399 0.013095 0.000000 0.0186707713 0.018671 0.000000 0.0147327948 0.014733 0.000000
235.860001 0.0125463828 0.012546 0.000000 0.0179822538 0.017982 0.000000 0.0140864719 0.014086 0.000000
235.709991 0.0120400591 0.012040 0.000000 0.0173889622 0.017389 0.000000 0.0135249645 0.013525 0.000000
235.559998 0.0115273762 0.011527 0.000000 0.0167351943 0.016735 0.000000 0.0129389893 0.012939 0.000000
235.410004 0.0109991683 0.010999 0.000000 0.0161215849 0.016122 0.000000 0.0123868044 0.012387 0.000000
235.259995 0.0104569327 0.010457 0.000000 0.0155275306 0.015528 0.000000 0.0118498392 0.011850 0.000000
235.110001 0.0098554399 0.009855 0.000000 0.0148686655 0.014869 0.000000 0.0112710102 0.011271 0.000000
234.959991 0.0092237657 0.009224 0.000000 0.0142189516 0.014219 0.000000 0.0106983045 0.010698 0.000000
234.809998 0.0085588163 0.008559 0.000000 0.0135305952 0.013531 0.000000 0.0100816181 0.010082 0.000000
234.660004 0.0078891851 0.007889 0.000000 0.0129309837 0.012931 0.000000 0.0095850974 0.009585 0.000000
234.509995 0.0071823415 0.007182 0.000000 0.0121957455 0.012196 0.000000 0.0089330701 0.008933 0.000000
234.360001 0.0064807646 0.006481 0.000000 0.0114964722 0.011496 0.000000 0.0083762631 0.008376 0.000000
234.209991 0.0058900630 0.005890 0.000000 0.0108673312 0.010867 0.000000 0.0078373114 0.007837 0.000000
234.059998 0.0052170376 0.005217 0.000000 0.0101344455 0.010134 0.000000 0.0072621866 0.007262 0.000000
233.910004 0.0046286178 0.004629 0.000000 0.0094146859 0.009415 0.000000 0.0067154826 0.006715 0.000000
233.759995 0.0040962496 0.004096 0.000000 0.0087182634 0.008718 0.000000 0.0062017841 0.006202 0.000000
233.610001 0.0036224774 0.003622 0.000000 0.0080326488 0.008033 0.000000 0.0057169441 0.005717 0.000000
233.459991 0.0032147968 0.003215 0.000000 0.0073806280 0.007381 0.000000 0.0052706399 0.005271 0.000000
233.309998 0.0028711429 0.002871 0.000000 0.0067654457 0.006765 0.000000 0.0048624901 0.004862 0.000000
233.160004 0.0025878826 0.002588 0.000000 0.0061929412 0.006193 0.000000 0.0044926815 0.004493 0.000000
233.009995 0.0023606410 0.002361 0.000000 0.0056739990 0.005674 0.000000 0.0041639251 0.004164 0.000000
232.860001 0.0021781896 0.002178 0.000000 0.0051984685 0.005198 0.000000 0.0038655098 0.003866 0.000000
232.709991 0.0020329277 0.002033 0.000000 0.0047724843 0.004772 0.000000 0.0035960278 0.003596 0.000000
232.559998 0.0019116207 0.001912 0.000000 0.0043833824 0.004383 0.000000 0.0033453698 0.003345 0.000000
232.410004 0.0018047099 0.001805 0.000000 0.0040248618 0.004025 0.000000 0.0031062129 0.003106 0.000000
232.259995 0.0017034416 0.001703 0.000000 0.0036889019 0.003689 0.000000 0.0028721748 0.002872 0.000000
232.110001 0.0016005869 0.001601 0.000000 0.0033683183 0.003368 0.000000 0.0026387675 0.002639 0.000000
231.959991 0.0014904881 0.001490 0.000000 0.0030561546 0.003056 0.000000 0.0024020667 0.002402 0.000000
231.809998 0.0013722493 0.001372 0.000000 0.0027501793 0.002750 0.000000 0.0021624477 0.002162 0.000000
231.660004 0.0012455988 0.001246 0.000000 0.0024497905 0.002450 0.000000 0.0019215452 0.001922 0.000000
231.509995 0.0011097615 0.001110 0.000000 0.0021425448 0.002143 0.000000 0.0016768916 0.001677 0.000000
231.360001 0.0009786715 0.000979 0.000000 0.0018877597 0.001888 0.000000 0.0014570162 0.001457 0.000000
231.209991 0.0008405262 0.000841 0.000000 0.0016065290 0.001607 0.000000 0.0012310010 0.001231 0.000000
231.059998 0.0007108666 0.000711 0.000000 0.0013603584 0.001360 0.000000 0.0010281879 0.001028 0.000000
230.910004 0.0005901712 0.000590 0.000000 0.0011392941 0.001139 0.000000 0.0008461130 0.000846 0.000000
230.759995 0.0004818531 0.000482 0.000000 0.0009460084 0.000946 0.000000 0.0006871293 0.000687 0.000000
230.610001 0.0003875902 0.000388 0.000000 0.0007836396 0.000784 0.000000 0.0005529750 0.000553 0.000000
230.459991 0.0003081509 0.000308 0.000000 0.0006503893 0.000650 0.000000 0.0004427743 0.000443 0.000000
230.309998 0.0002428370 0.000243 0.000000 0.0005432650 0.000543 0.000000 0.0003537543 0.000354 0.000000
230.160004 0.0001912141 0.000191 0.000000 0.0004623939 0.000462 0.000000 0.0002856460 0.000286 0.000000
230.009995 0.0001515093 0.000152 0.000000 0.0004052490 0.000405 0.000000 0.0002362793 0.000236 0.000000
229.860001 0.0001233981 0.000123 0.000000 0.0003661658 0.000366 0.000000 0.0002005827 0.000201 0.000000
229.709991 0.0001012915 0.000101 0.000000 0.0003362443 0.000336 0.000000 0.0001742282 0.000174 0.000000
229.559998 0.0000861796 0.000086 0.000000 0.0003169849 0.000317 0.000000 0.0001564978 0.000156 0.000000
229.410004 0.0000755692 0.000076 0.000000 0.0003031578 0.000303 0.000000 0.0001441356 0.000144 0.000000
229.259995 0.0000681743 0.000068 0.000000 0.0002921382 0.000292 0.000000 0.0001352483 0.000135 0.000000
229.110001 0.0000627948 0.000063 0.000000 0.0002815167 0.000282 0.000000 0.0001281030 0.000128 0.000000
228.959991 0.0000585977 0.000059 0.000000 0.0002698736 0.000270 0.000000 0.0001215993 0.000122 0.000000
228.809998 0.0000549747 0.000055 0.000000 0.0002562111 0.000256 0.000000 0.0001147533 0.000115 0.000000
228.660004 0.0000516702 0.000052 0.000000 0.0002409205 0.000241 0.000000 0.0001079573 0.000108 0.000000
228.509995 0.0000483253 0.000048 0.000000 0.0002236097 0.000224 0.000000 0.0001003819 0.000100 0.000000
228.360001 0.0000447550 0.000045 0.000000 0.0002047420 0.000205 0.000000 0.0000923514 0.000092 0.000000
228.209991 0.0000415498 0.000042 0.000000 0.0001854807 0.000185 0.000000 0.0000842414 0.000084 0.000000
228.059998 0.0000382239 0.000038 0.000000 0.0001660350 0.000166 0.000000 0.0000760090 0.000076 0.000000
227.910004 0.0000348250 0.000035 0.000000 0.0001468263 0.000147 0.000000 0.0000677837 0.000068 0.000000
227.759995 0.0000314173 0.000031 0.000000 0.0001283455 0.000128 0.000000 0.0000597617 0.000060 0.000000
227.610001 0.0000280358 0.000028 0.000000 0.0001108934 0.000111 0.000000 0.0000520745 0.000052 0.000000
227.459991 0.0000247283 0.000025 0.000000 0.0000947127 0.000095 0.000000 0.0000448406 0.000045 0.000000
227.309998 0.0000215365 0.000022 0.000000 0.0000799422 0.000080 0.000000 0.0000381365 0.000038 0.000000
227.160004 0.0000184972 0.000018 0.000000 0.0000666342 0.000067 0.000000 0.0000320061 0.000032 0.000000
227.009995 0.0000156509 0.000016 0.000000 0.0000548235 0.000055 0.000000 0.0000264934 0.000026 0.000000
226.860001 0.0000130248 0.000013 0.000000 0.0000444636 0.000044 0.000000 0.0000215988 0.000022 0.000000
226.709991 0.0000106540 0.000011 0.000000 0.0000355245 0.000036 0.000000 0.0000173299 0.000017 0.000000
226.559998 0.0000085558 0.000009 0.000000 0.0000279282 0.000028 0.000000 0.0000136705 0.000014 0.000000
226.410004 0.0000067377 0.000007 0.000000 0.0000215788 0.000022 0.000000 0.0000105900 0.000011 0.000000
226.259995 0.0000051989 0.000005 0.000000 0.0000163699 0.000016 0.000000 0.0000080488 0.000008 0.000000
226.110001 0.0000039277 0.000004 0.000000 0.0000121816 0.000012 0.000000 0.0000059969 0.000006 0.000000
225.959991 0.0000029035 0.000003 0.000000 0.0000088847 0.000009 0.000000 0.0000043770 0.000004 0.000000
225.809998 0.0000020992 0.000002 0.000000 0.0000063468 0.000006 0.000000 0.0000031275 0.000003 0.000000
225.660004 0.0000014837 0.000001 0.000000 0.0000044377 0.000004 0.000000 0.0000021865 0.000002 0.000000
225.509995 0.0000010062 0.000001 0.000000 0.0000029361 0.000003 0.000000 0.0000014526 0.000001 0.000000
225.360001 0.0000006816 0.000001 0.000000 0.0000019775 0.000002 0.000000 0.0000009767 0.000001 0.000000
225.209991 0.0000004507 0.000000 0.000000 0.0000013000 0.000001 0.000000 0.0000006411 0.000001 0.000000
225.059998 0.0000002908 0.000000 0.000000 0.0000008342 0.000001 0.000000 0.0000004107 0.000000 0.000000
224.910004 0.0000001831 0.000000 0.000000 0.0000005225 0.000001 0.000000 0.0000002568 0.000000 0.000000
224.759995 0.0000001117 0.000000 0.000000 0.0000003152 0.000000 0.000000 0.0000001549 0.000000 0.000000
224.609985 0.0000000666 0.000000 0.000000 0.0000001863 0.000000 0.000000 0.0000000911 0.000000 0.000000
224.459991 0.0000000390 0.000000 0.000000 0.0000001087 0.000000 0.000000 0.0000000531 0.000000 0.000000
224.309998 0.0000000223 0.000000 0.000000 0.0000000619 0.000000 0.000000 0.0000000302 0.000000 0.000000
224.160004 0.0000000105 0.000000 0.000000 0.0000000239 0.000000 0.000000 0.0000000106 0.000000 0.000000
224.009995 0.0000000109 0.000000 0.000000 0.0000000201 0.000000 0.000000 0.0000000129 0.000000 0.000000
223.859985 0.0000002479 0.000000 0.000000 0.0000002807 0.000000 0.000000 0.0000002147 0.000000 0.000000
223.709991 0.0000007425 0.000000 0.000001 0.0000011294 0.000000 0.000001 0.0000007683 0.000000 0.000001
223.559998 0.0000023919 0.000000 0.000002 0.0000032834 0.000000 0.000003 0.0000023824 0.000000 0.000002
223.410004 0.0000053518 0.000000 0.000005 0.0000081035 0.000000 0.000008 0.0000062358 0.000000 0.000006
223.259995 0.0000108851 0.000000 0.000011 0.0000167794 0.000000 0.000017 0.0000129096 0.000000 0.000013
223.109985 0.0000200877 0.000000 0.000020 0.0000308150 0.000000 0.000031 0.0000237043 0.000000 0.000024
222.959991 0.0000357312 0.000000 0.000036 0.0000560362 0.000000 0.000056 0.0000431693 0.000000 0.000043
222.809998 0.0000606433 0.000000 0.000061 0.0000956305 0.000001 0.000095 0.0000736301 0.000001 0.000073
222.660004 0.0001000286 0.000000 0.000100 0.0001586415 0.000001 0.000158 0.0001222965 0.000001 0.000121
222.509995 0.0001595885 0.000000 0.000159 0.0002541469 0.000002 0.000252 0.0001962992 0.000002 0.000194
222.359985 0.0002228389 0.000001 0.000222 0.0003744924 0.000003 0.000371 0.0002881185 0.000004 0.000284
222.209991 0.0003797315 0.000001 0.000379 0.0005739401 0.000005 0.000569 0.0004573088 0.000007 0.000451
222.059998 0.0004763107 0.000002 0.000475 0.0008578502 0.000008 0.000850 0.0006433945 0.000011 0.000633
221.910004 0.0008529781 0.000002 0.000851 0.0012566097 0.000013 0.001244 0.0009409657 0.000017 0.000924
221.759995 0.0011754858 0.000004 0.001172 0.0019823983 0.000020 0.001962 0.0015709762 0.000026 0.001545
221.609985 0.0017602607 0.000006 0.001755 0.0029612114 0.000030 0.002931 0.0022895166 0.000039 0.002251
221.459991 0.0023248391 0.000000 0.002325 0.0036730156 0.000001 0.003672 0.0028310409 0.000001 0.002830
221.309998 0.0032671907 0.000020 0.003247 0.0055627320 0.000107 0.005455 0.0043132100 0.000137 0.004176
221.160004 0.0042101345 0.000017 0.004193 0.0070414464 0.000089 0.006952 0.0054094964 0.000114 0.005295
221.009995 0.0053811856 0.000023 0.005358 0.0090670362 0.000122 0.008945 0.0070172641 0.000156 0.006862
220.859985 0.0068542538 0.000029 0.006825 0.0116452808 0.000157 0.011488 0.0089462260 0.000202 0.008745
220.709991 0.0084380331 0.000040 0.008398 0.0143624069 0.000215 0.014148 0.0110460976 0.000275 0.010771
220.559998 0.0101428041 0.000050 0.010093 0.0174148679 0.000267 0.017148 0.0133699793 0.000342 0.013028
220.410004 0.0120586278 0.000062 0.011997 0.0209450424 0.000330 0.020615 0.0160724018 0.000423 0.015650
220.259995 0.0139810452 0.000075 0.013906 0.0244046301 0.000399 0.024006 0.0186708421 0.000511 0.018160
220.109985 0.0158742648 0.000088 0.015786 0.0279260259 0.000470 0.027456 0.0213437714 0.000602 0.020742
219.959991 0.0177200977 0.000101 0.017619 0.0313494168 0.000541 0.030808 0.0239209719 0.000693 0.023228
219.809998 0.0193636734 0.000114 0.019250 0.0345934108 0.000608 0.033986 0.0263354257 0.000778 0.025557
219.660004 0.0207481533 0.000125 0.020624 0.0373511203 0.000666 0.036685 0.0283803977 0.000853 0.027527
219.509995 0.0218224563 0.000133 0.021689 0.0396289937 0.000713 0.038916 0.0300466027 0.000913 0.029134
219.359985 0.0225172807 0.000139 0.022378 0.0412617624 0.000745 0.040517 0.0312195253 0.000954 0.030266
219.209991 0.0228170883 0.000142 0.022675 0.0421927646 0.000760 0.041433 0.0318611152 0.000973 0.030888
219.059998 0.0227093715 0.000141 0.022568 0.0423871651 0.000756 0.041631 0.0319469906 0.000969 0.030978
218.910004 0.0222096462 0.000137 0.022072 0.0418436639 0.000735 0.041108 0.0314821117 0.000942 0.030541
218.759995 0.0213520862 0.000131 0.021222 0.0406060331 0.000698 0.039908 0.0305030141 0.000894 0.029609
218.609985 0.0201879870 0.000121 0.020067 0.0387474522 0.000647 0.038101 0.0290677845 0.000828 0.028239
218.459991 0.0187800936 0.000110 0.018671 0.0363689736 0.000586 0.035783 0.0272539183 0.000750 0.026504
218.309998 0.0171964522 0.000097 0.017100 0.0335869454 0.000518 0.033069 0.0251491163 0.000663 0.024486
218.160004 0.0155058429 0.000084 0.015422 0.0305260383 0.000447 0.030079 0.0228459835 0.000572 0.022274
218.009995 0.0137731247 0.000071 0.013703 0.0273101684 0.000377 0.026933 0.0204355698 0.000483 0.019953
217.859985 0.0120557621 0.000058 0.011998 0.0240551531 0.000311 0.023745 0.0180022195 0.000398 0.017604
217.709991 0.0104016112 0.000047 0.010355 0.0208630860 0.000250 0.020613 0.0156198191 0.000320 0.015300
217.559998 0.0088478550 0.000037 0.008811 0.0178185627 0.000197 0.017622 0.0133493170 0.000252 0.013097
217.410004 0.0074209585 0.000028 0.007393 0.0149867563 0.000151 0.014836 0.0112375701 0.000194 0.011044
217.259995 0.0061373734 0.000021 0.006116 0.0124131301 0.000114 0.012300 0.0093172817 0.000145 0.009172
217.109985 0.0050047683 0.000016 0.004989 0.0101245064 0.000083 0.010041 0.0076078377 0.000107 0.007501
216.959991 0.0040235231 0.000011 0.004012 0.0081310906 0.000060 0.008071 0.0061167600 0.000077 0.006040
216.809998 0.0031882962 0.000008 0.003180 0.0064291884 0.000042 0.006387 0.0048415861 0.000054 0.004788
216.660004 0.0024895486 0.000005 0.002484 0.0050041941 0.000029 0.004975 0.0037719526 0.000037 0.003735
216.509995 0.0019149020 0.000004 0.001911 0.0038336278 0.000019 0.003814 0.0028917049 0.000025 0.002867
216.359985 0.0014501517 0.000002 0.001448 0.0028898444 0.000013 0.002877 0.0021807768 0.000016 0.002165
216.209991 0.0010809008 0.000002 0.001079 0.0021428980 0.000008 0.002135 0.0016173876 0.000010 0.001607
216.059998 0.0007919189 0.000001 0.000791 0.0015624141 0.000005 0.001557 0.0011788759 0.000006 0.001172
215.910004 0.0005705041 0.000001 0.000570 0.0011192359 0.000003 0.001116 0.0008436267 0.000004 0.000840
215.759995 0.0004035178 0.000000 0.000403 0.0007878394 0.000002 0.000786 0.0005932049 0.000002 0.000591
215.609985 0.0002804885 0.000000 0.000280 0.0005456219 0.000001 0.000545 0.0004102182 0.000001 0.000409
215.459991 0.0001909625 0.000000 0.000191 0.0003692397 0.000000 0.000369 0.0002769817 0.000000 0.000277
215.309998 0.0001279256 0.000000 0.000128 0.0002466445 0.000000 0.000246 0.0001846720 0.000000 0.000184
215.160004 0.0000840194 0.000000 0.000084 0.0001615556 0.000000 0.000161 0.0001205422 0.000000 0.000120
215.009995 0.0000538092 0.000000 0.000054 0.0001032644 0.000000 0.000103 0.0000769287 0.000000 0.000077
214.859985 0.0000338810 0.000000 0.000034 0.0000649798 0.000000 0.000065 0.0000482159 0.000000 0.000048
214.709991 0.0000209784 0.000000 0.000021 0.0000398434 0.000000 0.000040 0.0000294361 0.000000 0.000029
214.559998 0.0000124754 0.000000 0.000012 0.0000231872 0.000000 0.000023 0.0000169911 0.000000 0.000017
214.410004 0.0000072530 0.000000 0.000007 0.0000134221 0.000000 0.000013 0.0000098159 0.000000 0.000010
214.259995 0.0000040983 0.000000 0.000004 0.0000076228 0.000000 0.000008 0.0000054770 0.000000 0.000005
214.109985 0.0000020993 0.000000 0.000002 0.0000041373 0.000000 0.000004 0.0000028928 0.000000 0.000003
213.959991 0.0000010114 0.000000 0.000001 0.0000019631 0.000000 0.000002 0.0000013381 0.000000 0.000001
213.809998 0.0000004619 0.000000 0.000000 0.0000009852 0.000000 0.000001 0.0000006481 0.000000 0.000001
213.660004 0.0000001800 0.000000 0.000000 0.0000004334 0.000000 0.000000 0.0000002788 0.000000 0.000000
213.509995 0.0000000764 0.000000 0.000000 0.0000001911 0.000000 0.000000 0.0000001244 0.000000 0.000000
213.359985 0.0000000304 0.000000 0.000000 0.0000000827 0.000000 0.000000 0.0000000529 0.000000 0.000000
213.209991 0.0000000113 0.000000 0.000000 0.0000000276 0.000000 0.000000 0.0000000177 0.000000 0.000000
213.059998 0.0000000026 0.000000 0.000000 0.0000000072 0.000000 0.000000 0.0000000046 0.000000 0.000000
212.910004 0.0000000000 0.000000 0.000000 0.0000000000 0.000000 0.000000 0.0000000000 0.000000 0.000000
212.759995 0.0000000000 0.000000 0.000000 0.0000000000 0.000000 0.000000 0.0000000000 0.000000 0.000000
212.609985 0.0000000000 0.000000 0.000000 0.0000000000 0.000000 0.000000 0.0000000000 0.000000 0.000000
212.459991 0.0000000000 0.000000 0.000000 0.0000000000 0.000000 0.000000 0.0000000000 0.000000 0.000000
212.309998 0.0000000000 0.000000 0.000000 0.0000000000 0.000000 0.000000 0.0000000000 0.000000 0.000000
212.160004 0.0000000000 0.000000 0.000000 0.0000000000 0.000000 0.000000 0.0000000000 0.000000 0.000000
212.009995 0.0000000000 0.000000 0.000000 0.0000000000 0.000000 0.000000 0.0000000000 0.000000 0.000000
211.859985 0.0000000000 0.000000 0.000000 0.0000000000 0.000000 0.000000 0.0000000000 0.000000 0.000000
211.709991 0.0000000000 0.000000 0.000000 0.0000000000 0.000000 0.000000 0.0000000000 0.000000 0.000000
211.559998 0.0000000000 0.000000 0.000000 0.0000000000 0.000000 0.000000 0.0000000000 0.000000 0.000000
211.410004 0.0000000000 0.000000 0.000000 0.0000000000 0.000000 0.000000 0.0000000000 0.000000 0.000000
211.259995 0.0000000000 0.000000 0.000000 0.0000000000 0.000000 0.000000 0.0000000000 0.000000 0.000000
211.109985 0.0000000000 0.000000 0.000000 0.0000000000 0.000000 0.000000 0.0000000000 0.000000 0.000000
210.959991 0.0000000000 0.000000 0.000000 0.0000000000 0.000000 0.000000 0.0000000000 0.000000 0.000000
210.809998 0.0000000000 0.000000 0.000000 0.0000000000 0.000000 0.000000 0.0000000000 0.000000 0.000000
210.660004 0.0000000000 0.000000 0.000000 0.0000000000 0.000000 0.000000 0.0000000000 0.000000 0.000000
210.509995 0.0000000000 0.000000 0.000000 0.0000000000 0.000000 0.000000 0.0000000000 0.000000 0.000000
210.359985 0.0000000000 0.000000 0.000000 0.0000000000 0.000000 0.000000 0.0000000000 0.000000 0.000000
210.209991 0.0000000000 0.000000 0.000000 0.0000000000 0.000000 0.000000 0.0000000000 0.000000 0.000000
210.059998 0.0000000000 0.000000 0.000000 0.0000000000 0.000000 0.000000 0.0000000000 0.000000 0.000000
209.910004 0.0000000000 0.000000 0.000000 0.0000000000 0.000000 0.000000 0.0000000000 0.000000 0.000000
209.759995 0.0000000000 0.000000 0.000000 0.0000000000 0.000000 0.000000 0.0000000000 0.000000 0.000000
209.609985 0.0000000000 0.000000 0.000000 0.0000000000 0.000000 0.000000 0.0000000000 0.000000 0.000000
209.459991 0.0000000000 0.000000 0.000000 0.0000000000 0.000000 0.000000 0.0000000000 0.000000 0.000000
209.309998 0.0000000000 0.000000 0.000000 0.0000000000 0.000000 0.000000 0.0000000000 0.000000 0.000000
209.160004 0.0000000000 0.000000 0.000000 0.0000000000 0.000000 0.000000 0.0000000000 0.000000 0.000000
209.009995 0.0000000000 0.000000 0.000000 0.0000000000 0.000000 0.000000 0.0000000000 0.000000 0.000000
208.859985 0.0000000000 0.000000 0.000000 0.0000000000 0.000000 0.000000 0.0000000000 0.000000 0.000000
208.709991 0.0000000000 0.000000 0.000000 0.0000000000 0.000000 0.000000 0.0000000000 0.000000 0.000000
208.559998 0.0000000000 0.000000 0.000000 0.0000000000 0.000000 0.000000 0.0000000000 0.000000 0.000000
208.410004 0.0000000000 0.000000 0.000000 0.0000000000 0.000000 0.000000 0.0000000000 0.000000 0.000000
208.259995 0.0000000000 0.000000 0.000000 0.0000000000 0.000000 0.000000 0.0000000000 0.000000 0.000000
208.109985 0.0000000000 0.000000 0.000000 0.0000000000 0.000000 0.000000 0.0000000000 0.000000 0.000000
207.959991 0.0000000000 0.000000 0.000000 0.0000000000 0.000000 0.000000 0.0000000000 0.000000 0.000000
207.809998 0.0000000000 0.000000 0.000000 0.0000000000 0.000000 0.000000 0.0000000000 0.000000 0.000000
207.660004 0.0000000000 0.000000 0.000000 0.0000000000 0.000000 0.000000 0.0000000000 0.000000 0.000000
207.509995 0.0000000000 0.000000 0.000000 0.0000000000 0.000000 0.000000 0.0000000000 0.000000 0.000000
207.359985 0.0000000000 0.000000 0.000000 0.0000000000 0.000000 0.000000 0.0000000000 0.000000 0.000000
207.209991 0.0000000000 0.000000 0.000000 0.0000000000 0.000000 0.000000 0.0000000000 0.000000 0.000000
207.059998 0.0000000000 0.000000 0.000000 0.0000000000 0.000000 0.000000 0.0000000000 0.000000 0.000000
206.910004 0.0000000000 0.000000 0.000000 0.0000000000 0.000000 0.000000 0.0000000000 0.000000 0.000000
206.759995 0.0000000000 0.000000 0.000000 0.0000000000 0.000000 0.000000 0.0000000000 0.000000 0.000000
206.609985 0.0000000000 0.000000 0.000000 0.0000000000 0.000000 0.000000 0.0000000000 0.000000 0.000000
206.459991 0.0000000000 0.000000 0.000000 0.0000000000 0.000000 0.000000 0.0000000000 0.000000 0.000000
206.309998 0.0000000000 0.000000 0.000000 0.0000000000 0.000000 0.000000 0.0000000000 0.000000 0.000000
206.160004 0.0000000000 0.000000 0.000000 0.0000000000 0.000000 0.000000 0.0000000000 0.000000 0.000000
206.009995 0.0000000000 0.000000 0.000000 0.0000000000 0.000000 0.000000 0.0000000000 0.000000 0.000000
205.859985 0.0000000000 0.000000 0.000000 0.0000000000 0.000000 0.000000 0.0000000000 0.000000 0.000000
205.709991 0.0000000000 0.000000 0.000000 0.0000000000 0.000000 0.000000 0.0000000000 0.000000 0.000000
205.559998 0.0000000000 0.000000 0.000000 0.0000000000 0.000000 0.000000 0.0000000000 0.000000 0.000000
205.410004 0.0000000000 0.000000 0.000000 0.0000000000 0.000000 0.000000 0.0000000000 0.000000 0.000000
205.259995 0.0000000000 0.000000 0.000000 0.0000000000 0.000000 0.000000 0.0000000000 0.000000 0.000000
205.109985 0.0000000000 0.000000 0.000000 0.0000000000 0.000000 0.000000 0.0000000000 0.000000 0.000000
204.959991 0.0000000000 0.000000 0.000000 0.0000000000 0.000000 0.000000 0.0000000000 0.000000 0.000000
204.809998 0.0000000000 0.000000 0.000000 0.0000000000 0.000000 0.000000 0.0000000000 0.000000 0.000000
204.660004 0.0000000000 0.000000 0.000000 0.0000000000 0.000000 0.000000 0.0000000000 0.000000 0.000000
204.509995 0.0000000000 0.000000 0.000000 0.0000000000 0.000000 0.000000 0.0000000000 0.000000 0.000000
204.359985 0.0000000000 0.000000 0.000000 0.0000000000 0.000000 0.000000 0.0000000000 0.000000 0.000000
204.209991 0.0000000000 0.000000 0.000000 0.0000000000 0.000000 0.000000 0.0000000000 0.000000 0.000000
204.059998 0.0000000000 0.000000 0.000000 0.0000000000 0.000000 0.000000 0.0000000000 0.000000 0.000000
203.910004 0.0000000000 0.000000 0.000000 0.0000000000 0.000000 0.000000 0.0000000000 0.000000 0.000000
203.759995 0.0000000000 0.000000 0.000000 0.0000000000 0.000000 0.000000 0.0000000000 0.000000 0.000000
203.609985 0.0000000000 0.000000 0.000000 0.0000000000 0.000000 0.000000 0.0000000000 0.000000 0.000000
203.459991 0.0000000000 0.000000 0.000000 0.0000000000 0.000000 0.000000 0.0000000000 0.000000 0.000000
203.309998 0.0000000000 0.000000 0.000000 0.0000000000 0.000000 0.000000 0.0000000000 0.000000 0.000000
203.160004 0.0000000000 0.000000 0.000000 0.0000000000 0.000000 0.000000 0.0000000000 0.000000 0.000000
203.009995 0.0000000000 0.000000 0.000000 0.0000000000 0.000000 0.000000 0.0000000000 0.000000 0.000000
202.859985 0.0000000000 0.000000 0.000000 0.0000000000 0.000000 0.000000 0.0000000000 0.000000 0.000000
202.709991 0.0000000000 0.000000 0.000000 0.0000000000 0.000000 0.000000 0.0000000000 0.000000 0.000000
202.559998 0.0000000000 0.000000 0.000000 0.0000000000 0.000000 0.000000 0.0000000000 0.000000 0.000000
202.410004 0.0000000000 0.000000 0.000000 0.0000000000 0.000000 0.000000 0.0000000000 0.000000 0.000000
202.259995 0.0000000000 0.000000 0.000000 0.0000000000 0.000000 0.000000 0.0000000000 0.000000 0.000000
202.109985 0.0000000000 0.000000 0.000000 0.0000000000 0.000000 0.000000 0.0000000000 0.000000 0.000000
201.959991 0.0000000000 0.000000 0.000000 0.0000000000 0.000000 0.000000 0.0000000000 0.000000 0.000000
201.809998 0.0000000000 0.000000 0.000000 0.0000000000 0.000000 0.000000 0.0000000000 0.000000 0.000000
201.660004 0.0000000000 0.000000 0.000000 0.0000000000 0.000000 0.000000 0.0000000000 0.000000 0.000000
201.509995 0.0000000000 0.000000 0.000000 0.0000000000 0.000000 0.000000 0.0000000000 0.000000 0.000000
201.359985 0.0000000000 0.000000 0.000000 0.0000000000 0.000000 0.000000 0.0000000000 0.000000 0.000000
201.209991 0.0000000000 0.000000 0.000000 0.0000000000 0.000000 0.000000 0.0000000000 0.000000 0.000000
201.059998 0.0000000000 0.000000 0.000000 0.0000000000 0.000000 0.000000 0.0000000000 0.000000 0.000000
200.910004 0.0000000000 0.000000 0.000000 0.0000000000 0.000000 0.000000 0.0000000000 0.000000 0.000000
200.759995 0.0000000000 0.000000 0.000000 0.0000000000 0.000000 0.000000 0.0000000000 0.000000 0.000000
200.609985 0.0000000000 0.000000 0.000000 0.0000000000 0.000000 0.000000 0.0000000000 0.000000 0.000000
200.459991 0.0000000000 0.000000 0.000000 0.0000000000 0.000000 0.000000 0.0000000000 0.000000 0.000000
200.309998 0.0000000000 0.000000 0.000000 0.0000000000 0.000000 0.000000 0.0000000000 0.000000 0.000000
200.160004 0.0000000000 0.000000 0.000000 0.0000000000 0.000000 0.000000 0.0000000000 0.000000 0.000000
200.009995 0.0000000000 0.000000 0.000000 0.0000000000 0.000000 0.000000 0.0000000000 0.000000 0.000000
199.859985 0.0000000000 0.000000 0.000000 0.0000000000 0.000000 0.000000 0.0000000000 0.000000 0.000000
199.709991 0.0000000000 0.000000 0.000000 0.0000000000 0.000000 0.000000 0.0000000000 0.000000 0.000000
199.559998 0.0000000000 0.000000 0.000000 0.0000000000 0.000000 0.000000 0.0000000000 0.000000 0.000000
199.410004 0.0000000000 0.000000 0.000000 0.0000000000 0.000000 0.000000 0.0000000000 0.000000 0.000000
199.259995 0.0000000000 0.000000 0.000000 0.0000000000 0.000000 0.000000 0.0000000000 0.000000 0.000000
199.109985 0.0000000000 0.000000 0.000000 0.0000000000 0.000000 0.000000 0.0000000000 0.000000 0.000000
198.959991 0.0000000000 0.000000 0.000000 0.0000000000 0.000000 0.000000 0.0000000000 0.000000 0.000000
198.809998 0.0000000000 0.000000 0.000000 0.0000000000 0.000000 0.000000 0.0000000000 0.000000 0.000000
198.660004 0.0000000000 0.000000 0.000000 0.0000000000 0.000000 0.000000 0.0000000000 0.000000 0.000000
198.509995 0.0000000000 0.000000 0.000000 0.0000000000 0.000000 0.000000 0.0000000000 0.000000 0.000000
198.359985 0.0000000000 0.000000 0.000000 0.0000000000 0.000000 0.000000 0.0000000000 0.000000 0.000000
198.209991 0.0000000000 0.000000 0.000000 0.0000000000 0.000000 0.000000 0.0000000000 0.000000 0.000000
198.059998 0.0000000000 0.000000 0.000000 0.0000000000 0.000000 0.000000 0.0000000000 0.000000 0.000000
197.910004 0.0000000000 0.000000 0.000000 0.0000000000 0.000000 0.000000 0.0000000000 0.000000 0.000000
197.759995 0.0000000000 0.000000 0.000000 0.0000000000 0.000000 0.000000 0.0000000000 0.000000 0.000000
197.609985 0.0000000000 0.000000 0.000000 0.0000000000 0.000000 0.000000 0.0000000000 0.000000 0.000000
197.459991 0.0000000000 0.000000 0.000000 0.0000000000 0.000000 0.000000 0.0000000000 0.000000 0.000000
197.309998 0.0000000000 0.000000 0.000000 0.0000000000 0.000000 0.000000 0.0000000000 0.000000 0.000000
197.160004 0.0000000000 0.000000 0.000000 0.0000000000 0.000000 0.000000 0.0000000000 0.000000 0.000000
197.009995 0.0000000000 0.000000 0.000000 0.0000000000 0.000000 0.000000 0.0000000000 0.000000 0.000000
196.859985 0.0000000000 0.000000 0.000000 0.0000000000 0.000000 0.000000 0.0000000000 0.000000 0.000000
196.709991 0.0000000000 0.000000 0.000000 0.0000000000 0.000000 0.000000 0.0000000000 0.000000 0.000000
196.559998 0.0000000000 0.000000 0.000000 0.0000000000 0.000000 0.000000 0.0000000000 0.000000 0.000000
196.410004 0.0000000000 0.000000 0.000000 0.0000000000 0.000000 0.000000 0.0000000000 0.000000 0.000000
196.259995 0.0000000000 0.000000 0.000000 0.0000000000 0.000000 0.000000 0.0000000000 0.000000 0.000000
196.109985 0.0000000000 0.000000 0.000000 0.0000000000 0.000000 0.000000 0.0000000000 0.000000 0.000000
195.959991 0.0000000000 0.000000 0.000000 0.0000000000 0.000000 0.000000 0.0000000000 0.000000 0.000000
195.809998 0.0000000000 0.000000 0.000000 0.0000000000 0.000000 0.000000 0.0000000000 0.000000 0.000000
195.660004 0.0000000000 0.000000 0.000000 0.0000000000 0.000000 0.000000 0.0000000000 0.000000 0.000000
195.509995 0.0000000000 0.000000 0.000000 0.0000000000 0.000000 0.000000 0.0000000000 0.000000 0.000000
195.359985 0.0000000000 0.000000 0.000000 0.0000000000 0.000000 0.000000 0.0000000000 0.000000 0.000000
195.209991 0.0000000000 0.000000 0.000000 0.0000000000 0.000000 0.000000 0.0000000000 0.000000 0.000000
195.059998 0.0000000000 0.000000 0.000000 0.0000000000 0.000000 0.000000 0.0000000000 0.000000 0.000000
194.910004 0.0000000000 0.000000 0.000000 0.0000000000 0.000000 0.000000 0.0000000000 0.000000 0.000000
194.759995 0.0000000000 0.000000 0.000000 0.0000000000 0.000000 0.000000 0.0000000000 0.000000 0.000000
194.609985 0.0000000000 0.000000 0.000000 0.0000000000 0.000000 0.000000 0.0000000000 0.000000 0.000000
194.459991 0.0000000000 0.000000 0.000000 0.0000000000 0.000000 0.000000 0.0000000000 0.000000 0.000000
194.309998 0.0000000000 0.000000 0.000000 0.0000000000 0.000000 0.000000 0.0000000000 0.000000 0.000000
194.160004 0.0000000000 0.000000 0.000000 0.0000000000 0.000000 0.000000 0.0000000000 0.000000 0.000000
194.009995 0.0000000000 0.000000 0.000000 0.0000000000 0.000000 0.000000 0.0000000000 0.000000 0.000000
193.859985 0.0000000000 0.000000 0.000000 0.0000000000 0.000000 0.000000 0.0000000000 0.000000 0.000000
193.709991 0.0000000000 0.000000 0.000000 0.0000000000 0.000000 0.000000 0.0000000000 0.000000 0.000000
193.559998 0.0000000000 0.000000 0.000000 0.0000000000 0.000000 0.000000 0.0000000000 0.000000 0.000000
193.410004 0.0000000000 0.000000 0.000000 0.0000000000 0.000000 0.000000 0.0000000000 0.000000 0.000000
193.259995 0.0000000000 0.000000 0.000000 0.0000000000 0.000000 0.000000 0.0000000000 0.000000 0.000000
193.109985 0.0000000000 0.000000 0.000000 0.0000000000 0.000000 0.000000 0.0000000000 0.000000 0.000000
192.959991 0.0000000000 0.000000 0.000000 0.0000000000 0.000000 0.000000 0.0000000000 0.000000 0.000000
192.809998 0.0000000000 0.000000 0.000000 0.0000000000 0.000000 0.000000 0.0000000000 0.000000 0.000000
192.660004 0.0000000000 0.000000 0.000000 0.0000000000 0.000000 0.000000 0.0000000000 0.000000 0.000000
192.509995 0.0000000000 0.000000 0.000000 0.0000000000 0.000000 0.000000 0.0000000000 0.000000 0.000000
192.359985 0.0000000000 0.000000 0.000000 0.0000000000 0.000000 0.000000 0.0000000000 0.000000 0.000000
192.209991 0.0000000000 0.000000 0.000000 0.0000000000 0.000000 0.000000 0.0000000000 0.000000 0.000000
192.059998 0.0000000000 0.000000 0.000000 0.0000000000 0.000000 0.000000 0.0000000000 0.000000 0.000000
191.910004 0.0000000000 0.000000 0.000000 0.0000000000 0.000000 0.000000 0.0000000000 0.000000 0.000000
191.759995 0.0000000000 0.000000 0.000000 0.0000000000 0.000000 0.000000 0.0000000000 0.000000 0.000000
191.609985 0.0000000000 0.000000 0.000000 0.0000000000 0.000000 0.000000 0.0000000000 0.000000 0.000000
191.459991 0.0000000000 0.000000 0.000000 0.0000000000 0.000000 0.000000 0.0000000000 0.000000 0.000000
191.309998 0.0000000000 0.000000 0.000000 0.0000000000 0.000000 0.000000 0.0000000000 0.000000 0.000000
191.160004 0.0000000000 0.000000 0.000000 0.0000000000 0.000000 0.000000 0.0000000000 0.000000 0.000000
191.009995 0.0000000000 0.000000 0.000000 0.0000000000 0.000000 0.000000 0.0000000000 0.000000 0.000000
190.859985 0.0000000000 0.000000 0.000000 0.0000000000 0.000000 0.000000 0.0000000000 0.000000 0.000000
190.709991 0.0000000000 0.000000 0.000000 0.0000000000 0.000000 0.000000 0.0000000000 0.000000 0.000000
190.559998 0.0000000000 0.000000 0.000000 0.0000000000 0.000000 0.000000 0.0000000000 0.000000 0.000000
190.410004 0.0000000000 0.000000 0.000000 0.0000000000 0.000000 0.000000 0.0000000000 0.000000 0.000000
190.259995 0.0000000000 0.000000 0.000000 0.0000000000 0.000000 0.000000 0.0000000000 0.000000 0.000000
190.109985 0.0000000000 0.000000 0.000000 0.0000000000 0.000000 0.000000 0.0000000000 0.000000 0.000000
189.959991 0.0000000000 0.000000 0.000000 0.0000000000 0.000000 0.000000 0.0000000000 0.000000 0.000000
189.809998 0.0000000000 0.000000 0.000000 0.0000000000 0.000000 0.000000 0.0000000000 0.000000 0.000000
189.660004 0.0000000000 0.000000 0.000000 0.0000000000 0.000000 0.000000 0.0000000000 0.000000 0.000000
189.509995 0.0000000000 0.000000 0.000000 0.0000000000 0.000000 0.000000 0.0000000000 0.000000 0.000000
189.359985 0.0000000000 0.000000 0.000000 0.0000000000 0.000000 0.000000 0.0000000000 0.000000 0.000000
189.209991 0.0000000000 0.000000 0.000000 0.0000000000 0.000000 0.000000 0.0000000000 0.000000 0.000000
189.059998 0.0000000000 0.000000 0.000000 0.0000000000 0.000000 0.000000 0.0000000000 0.000000 0.000000
188.910004 0.0000000000 0.000000 0.000000 0.0000000000 0.000000 0.000000 0.0000000000 0.000000 0.000000
188.759995 0.0000000000 0.000000 0.000000 0.0000000000 0.000000 0.000000 0.0000000000 0.000000 0.000000
188.609985 0.0000000000 0.000000 0.000000 0.0000000000 0.000000 0.000000 0.0000000000 0.000000 0.000000
188.459991 0.0000000000 0.000000 0.000000 0.0000000000 0.000000 0.000000 0.0000000000 0.000000 0.000000
188.309998 0.0000000000 0.000000 0.000000 0.0000000000 0.000000 0.000000 0.0000000000 0.000000 0.000000
188.160004 0.0000000000 0.000000 0.000000 0.0000000000 0.000000 0.000000 0.0000000000 0.000000 0.000000
188.009995 0.0000000000 0.000000 0.000000 0.0000000000 0.000000 0.000000 0.0000000000 0.000000 0.000000
187.859985 0.0000000000 0.000000 0.000000 0.0000000000 0.000000 0.000000 0.0000000000 0.000000 0.000000
187.709991 0.0000000000 0.000000 0.000000 0.0000000000 0.000000 0.000000 0.0000000000 0.000000 0.000000
187.559998 0.0000000000 0.000000 0.000000 0.0000000000 0.000000 0.000000 0.0000000000 0.000000 0.000000
187.410004 0.0000000000 0.000000 0.000000 0.0000000000 0.000000 0.000000 0.0000000000 0.000000 0.000000
187.259995 0.0000000000 0.000000 0.000000 0.0000000000 0.000000 0.000000 0.0000000000 0.000000 0.000000
187.109985 0.0000000000 0.000000 0.000000 0.0000000000 0.000000 0.000000 0.0000000000 0.000000 0.000000
186.959991 0.0000000000 0.000000 0.000000 0.0000000000 0.000000 0.000000 0.0000000000 0.000000 0.000000
186.809998 0.0000000000 0.000000 0.000000 0.0000000000 0.000000 0.000000 0.0000000000 0.000000 0.000000
186.660004 0.0000000000 0.000000 0.000000 0.0000000000 0.000000 0.000000 0.0000000000 0.000000 0.000000
186.509995 0.0000000000 0.000000 0.000000 0.0000000000 0.000000 0.000000 0.0000000000 0.000000 0.000000
186.359985 0.0000000000 0.000000 0.000000 0.0000000000 0.000000 0.000000 0.0000000000 0.000000 0.000000
186.209991 0.0000000000 0.000000 0.000000 0.0000000000 0.000000 0.000000 0.0000000000 0.000000 0.000000
186.059998 0.0000000000 0.000000 0.000000 0.0000000000 0.000000 0.000000 0.0000000000 0.000000 0.000000
185.910004 0.0000000000 0.000000 0.000000 0.0000000000 0.000000 0.000000 0.0000000000 0.000000 0.000000
185.759995 0.0000000000 0.000000 0.000000 0.0000000000 0.000000 0.000000 0.0000000000 0.000000 0.000000
185.609985 0.0000000000 0.000000 0.000000 0.0000000000 0.000000 0.000000 0.0000000000 0.000000 0.000000
185.459991 0.0000000000 0.000000 0.000000 0.0000000000 0.000000 0.000000 0.0000000000 0.000000 0.000000
185.309998 0.0000000000 0.000000 0.000000 0.0000000000 0.000000 0.000000 0.0000000000 0.000000 0.000000
185.160004 0.0000000000 0.000000 0.000000 0.0000000000 0.000000 0.000000 0.0000000000 0.000000 0.000000
185.009995 0.0000000000 0.000000 0.000000 0.0000000000 0.000000 0.000000 0.0000000000 0.000000 0.000000
184.859985 0.0000000000 0.000000 0.000000 0.0000000000 0.000000 0.000000 0.0000000000 0.000000 0.000000
184.709991 0.0000000000 0.000000 0.000000 0.0000000000 0.000000 0.000000 0.0000000000 0.000000 0.000000
184.559998 0.0000000000 0.000000 0.000000 0.0000000000 0.000000 0.000000 0.0000000000 0.000000 0.000000
184.410004 0.0000000000 0.000000 0.000000 0.0000000000 0.000000 0.000000 0.0000000000 0.000000 0.000000
184.259995 0.0000000000 0.000000 0.000000 0.0000000000 0.000000 0.000000 0.0000000000 0.000000 0.000000
184.109985 0.0000000000 0.000000 0.000000 0.0000000000 0.000000 0.000000 0.0000000000 0.000000 0.000000
183.959991 0.0000000000 0.000000 0.000000 0.0000000000 0.000000 0.000000 0.0000000000 0.000000 0.000000
183.809998 0.0000000000 0.000000 0.000000 0.0000000000 0.000000 0.000000 0.0000000000 0.000000 0.000000
183.660004 0.0000000000 0.000000 0.000000 0.0000000000 0.000000 0.000000 0.0000000000 0.000000 0.000000
183.509995 0.0000000000 0.000000 0.000000 0.0000000000 0.000000 0.000000 0.0000000000 0.000000 0.000000
183.359985 0.0000000000 0.000000 0.000000 0.0000000000 0.000000 0.000000 0.0000000000 0.000000 0.000000
183.209991 0.0000000000 0.000000 0.000000 0.0000000000 0.000000 0.000000 0.0000000000 0.000000 0.000000
183.059998 0.0000000000 0.000000 0.000000 0.0000000000 0.000000 0.000000 0.0000000000 0.000000 0.000000
182.910004 0.0000000000 0.000000 0.000000 0.0000000000 0.000000 0.000000 0.0000000000 0.000000 0.000000
182.759995 0.0000000000 0.000000 0.000000 0.0000000000 0.000000 0.000000 0.0000000000 0.000000 0.000000
182.609985 0.0000000000 0.000000 0.000000 0.0000000000 0.000000 0.000000 0.0000000000 0.000000 0.000000
182.459991 0.0000000000 0.000000 0.000000 0.0000000000 0.000000 0.000000 0.0000000000 0.000000 0.000000
182.309998 0.0000000000 0.000000 0.000000 0.0000000000 0.000000 0.000000 0.0000000000 0.000000 0.000000
182.160004 0.0000000000 0.000000 0.000000 0.0000000000 0.000000 0.000000 0.0000000000 0.000000 0.000000
182.009995 0.0000000000 0.000000 0.000000 0.0000000000 0.000000 0.000000 0.0000000000 0.000000 0.000000
181.859985 0.0000000000 0.000000 0.000000 0.0000000000 0.000000 0.000000 0.0000000000 0.000000 0.000000
181.709991 0.0000000000 0.000000 0.000000 0.0000000000 0.000000 0.000000 0.0000000000 0.000000 0.000000
181.559998 0.0000000000 0.000000 0.000000 0.0000000000 0.000000 0.000000 0.0000000000 0.000000 0.000000
181.410004 0.0000000000 0.000000 0.000000 0.0000000000 0.000000 0.000000 0.0000000000 0.000000 0.000000
181.259995 0.0000000000 0.000000 0.000000 0.0000000000 0.000000 0.000000 0.0000000000 0.000000 0.000000
181.109985 0.0000000000 0.000000 0.000000 0.0000000000 0.000000 0.000000 0.0000000000 0.000000 0.000000
180.959991 0.0000000000 0.000000 0.000000 0.0000000000 0.000000 0.000000 0.0000000000 0.000000 0.000000
180.809998 0.0000000000 0.000000 0.000000 0.0000000000 0.000000 0.000000 0.0000000000 0.000000 0.000000
180.660004 0.0000000000 0.000000 0.000000 0.0000000000 0.000000 0.000000 0.0000000000 0.000000 0.000000
180.509995 0.0000000000 0.000000 0.000000 0.0000000000 0.000000 0.000000 0.0000000000 0.000000 0.000000
180.359985 0.0000000000 0.000000 0.000000 0.0000000000 0.000000 0.000000 0.0000000000 0.000000 0.000000
180.209991 0.0000000000 0.000000 0.000000 0.0000000000 0.000000 0.000000 0.0000000000 0.000000 0.000000
180.059998 0.0000000000 0.000000 0.000000 0.0000000000 0.000000 0.000000 0.0000000000 0.000000 0.000000
179.910004 0.0000000000 0.000000 0.000000 0.0000000000 0.000000 0.000000 0.0000000000 0.000000 0.000000
179.759995 0.0000000000 0.000000 0.000000 0.0000000000 0.000000 0.000000 0.0000000000 0.000000 0.000000
179.609985 0.0000000000 0.000000 0.000000 0.0000000000 0.000000 0.000000 0.0000000000 0.000000 0.000000
179.459991 0.0000000000 0.000000 0.000000 0.0000000000 0.000000 0.000000 0.0000000000 0.000000 0.000000
179.309998 0.0000000000 0.000000 0.000000 0.0000000000 0.000000 0.000000 0.0000000000 0.000000 0.000000
179.160004 0.0000000000 0.000000 0.000000 0.0000000000 0.000000 0.000000 0.0000000000 0.000000 0.000000
179.009995 0.0000000000 0.000000 0.000000 0.0000000000 0.000000 0.000000 0.0000000000 0.000000 0.000000
178.859985 0.0000000000 0.000000 0.000000 0.0000000000 0.000000 0.000000 0.0000000000 0.000000 0.000000
178.709991 0.0000000000 0.000000 0.000000 0.0000000000 0.000000 0.000000 0.0000000000 0.000000 0.000000
178.559998 0.0000000000 0.000000 0.000000 0.0000000000 0.000000 0.000000 0.0000000000 0.000000 0.000000
178.410004 0.0000000000 0.000000 0.000000 0.0000000000 0.000000 0.000000 0.0000000000 0.000000 0.000000
178.259995 0.0000000000 0.000000 0.000000 0.0000000000 0.000000 0.000000 0.0000000000 0.000000 0.000000
178.109985 0.0000000000 0.000000 0.000000 0.0000000000 0.000000 0.000000 0.0000000000 0.000000 0.000000
177.959991 0.0000000000 0.000000 0.000000 0.0000000000 0.000000 0.000000 0.0000000000 0.000000 0.000000
