# 1 elevation, 2 discrete intensity, 3 discrete count, 4 discrete fraction, 5 ALS pulse, 6 ALS and GEDI pulse, 7 ind decon, 8 ind decon GEDI, 9 decon GEDI, 10 ind decon
# fSigma 2.750000 pSigma 0.225563 res 0.150000 sideLobes 0
# coord 395410.62 6470190.07
# density point 1.262717 beam 1.262717
# meanScanAng 11.119505
532.824463 0.0000000000 0.0000000000 0.0000000000
532.674438 0.0000000000 0.0000000000 0.0000000000
532.524475 0.0000000000 0.0000000000 0.0000000000
532.374451 0.0000000000 0.0000000000 0.0000000000
532.224487 0.0000000000 0.0000000000 0.0000000000
532.074463 0.0000000000 0.0000000000 0.0000000000
531.924438 0.0000000000 0.0000000000 0.0000000000
531.774475 0.0000000000 0.0000000000 0.0000000000
531.624451 0.0000000000 0.0000000000 0.0000000000
531.474487 0.0000000000 0.0000000000 0.0000000000
531.324463 0.0000000000 0.0000000000 0.0000000000
531.174438 0.0000000000 0.0000000000 0.0000000000
531.024475 0.0000000000 0.0000000000 0.0000000000
530.874451 0.0000000000 0.0000000000 0.0000000000
530.724487 0.0000000000 0.0000000000 0.0000000000
530.574463 0.0000000000 0.0000000000 0.0000000000
530.424438 0.0000000000 0.0000000000 0.0000000000
530.274475 0.0000000000 0.0000000000 0.0000000000
530.124451 0.0000000000 0.0000000000 0.0000000000
529.974487 0.0000000000 0.0000000000 0.0000000000
529.824463 0.0000000000 0.0000000000 0.0000000000
529.674438 0.0000000000 0.0000000000 0.0000000000
529.524475 0.0000000000 0.0000000000 0.0000000000
529.374451 0.0000000000 0.0000000000 0.0000000000
529.224487 0.0000000000 0.0000000000 0.0000000000
529.074463 0.0000000000 0.0000000000 0.0000000000
528.924438 0.0000000000 0.0000000000 0.0000000000
528.774475 0.0000000000 0.0000000000 0.0000000000
528.624451 0.0000000000 0.0000000000 0.0000000000
528.474487 0.0000000000 0.0000000000 0.0000000000
528.324463 0.0000000000 0.0000000000 0.0000000000
528.174438 0.0000000000 0.0000000000 0.0000000000
528.024475 0.0000000000 0.0000000000 0.0000000000
527.874451 0.0000000000 0.0000000000 0.0000000000
527.724487 0.0000000000 0.0000000000 0.0000000000
527.574463 0.0000000000 0.0000000000 0.0000000000
527.424438 0.0000000000 0.0000000000 0.0000000000
527.274475 0.0000000000 0.0000000000 0.0000000000
527.124451 0.0000000000 0.0000000000 0.0000000000
526.974487 0.0000000000 0.0000000000 0.0000000000
526.824463 0.0000000000 0.0000000000 0.0000000000
526.674438 0.0000000000 0.0000000000 0.0000000000
526.524475 0.0000000000 0.0000000000 0.0000000000
526.374451 0.0000000000 0.0000000000 0.0000000000
526.224487 0.0000000000 0.0000000000 0.0000000000
526.074463 0.0000000000 0.0000000000 0.0000000000
525.924438 0.0000000000 0.0000000000 0.0000000000
525.774475 0.0000000000 0.0000000000 0.0000000000
525.624451 0.0000000000 0.0000000000 0.0000000000
525.474487 0.0000000000 0.0000000000 0.0000000000
525.324463 0.0000000000 0.0000000000 0.0000000000
525.174438 0.0000000000 0.0000000000 0.0000000000
525.024475 0.0000000000 0.0000000000 0.0000000000
524.874451 0.0000000000 0.0000000000 0.0000000000
524.724487 0.0000000000 0.0000000000 0.0000000000
524.574463 0.0000000000 0.0000000000 0.0000000000
524.424438 0.0000000000 0.0000000000 0.0000000000
524.274475 0.0000000000 0.0000000000 0.0000000000
524.124451 0.0000000000 0.0000000000 0.0000000000
523.974487 0.0000000000 0.0000000000 0.0000000000
523.824463 0.0000000000 0.0000000000 0.0000000000
523.674438 0.0000000000 0.0000000000 0.0000000000
523.524475 0.0000000000 0.0000000000 0.0000000000
523.374451 0.0000000000 0.0000000000 0.0000000000
523.224487 0.0000000000 0.0000000000 0.0000000000
523.074463 0.0000000000 0.0000000000 0.0000000000
522.924438 0.0000000000 0.0000000000 0.0000000000
522.774475 0.0000000000 0.0000000000 0.0000000000
522.624451 0.0000000000 0.0000000000 0.0000000000
522.474487 0.0000000000 0.0000000000 0.0000000000
522.324463 0.0000000000 0.0000000000 0.0000000000
522.174438 0.0000000000 0.0000000000 0.0000000000
522.024475 0.0000000000 0.0000000000 0.0000000000
521.874451 0.0000000000 0.0000000000 0.0000000000
521.724487 0.0000000000 0.0000000000 0.0000000000
521.574463 0.0000000000 0.0000000000 0.0000000000
521.424438 0.0000000000 0.0000000000 0.0000000000
521.274475 0.0000000000 0.0000000000 0.0000000000
521.124451 0.0000000000 0.0000000000 0.0000000000
520.974487 0.0000000000 0.0000000000 0.0000000000
520.824463 0.0000000000 0.0000000000 0.0000000000
520.674438 0.0000000000 0.0000000000 0.0000000000
520.524475 0.0000000000 0.0000000000 0.0000000000
520.374451 0.0000000000 0.0000000000 0.0000000000
520.224487 0.0000000000 0.0000000000 0.0000000000
520.074463 0.0000000000 0.0000000000 0.0000000000
519.924438 0.0000000000 0.0000000000 0.0000000000
519.774475 0.0000000000 0.0000000000 0.0000000000
519.624451 0.0000000000 0.0000000000 0.0000000000
519.474487 0.0000000000 0.0000000000 0.0000000000
519.324463 0.0000000000 0.0000000000 0.0000000000
519.174438 0.0000000000 0.0000000000 0.0000000000
519.024475 0.0000000000 0.0000000000 0.0000000000
518.874451 0.0000000000 0.0000000000 0.0000000000
518.724487 0.0000000000 0.0000000000 0.0000000000
518.574463 0.0000000000 0.0000000000 0.0000000000
518.424438 0.0000000000 0.0000000000 0.0000000000
518.274475 0.0000000000 0.0000000000 0.0000000000
518.124451 0.0000000000 0.0000000000 0.0000000000
517.974487 0.0000000000 0.0000000000 0.0000000000
517.824463 0.0000000000 0.0000000000 0.0000000000
517.674438 0.0000000000 0.0000000000 0.0000000000
517.524475 0.0000000000 0.0000000000 0.0000000000
517.374451 0.0000000000 0.0000000000 0.0000000000
517.224487 0.0000000000 0.0000000000 0.0000000000
517.074463 0.0000000000 0.0000000000 0.0000000000
516.924438 0.0000000000 0.0000000000 0.0000000000
516.774475 0.0000000000 0.0000000000 0.0000000000
516.624451 0.0000000000 0.0000000000 0.0000000000
516.474487 0.0000000000 0.0000000000 0.0000000000
516.324463 0.0000000000 0.0000000000 0.0000000000
516.174438 0.0000000000 0.0000000000 0.0000000000
516.024475 0.0000000000 0.0000000000 0.0000000000
515.874451 0.0000000000 0.0000000000 0.0000000000
515.724487 0.0000000000 0.0000000000 0.0000000000
515.574463 0.0000000000 0.0000000000 0.0000000000
515.424438 0.0000000000 0.0000000000 0.0000000000
515.274475 0.0000000000 0.0000000000 0.0000000000
515.124451 0.0000000000 0.0000000000 0.0000000000
514.974487 0.0000000000 0.0000000000 0.0000000000
514.824463 0.0000000000 0.0000000000 0.0000000000
514.674438 0.0000000000 0.0000000000 0.0000000000
514.524475 0.0000000000 0.0000000000 0.0000000000
514.374451 0.0000000000 0.0000000000 0.0000000000
514.224487 0.0000000000 0.0000000000 0.0000000000
514.074463 0.0000000000 0.0000000000 0.0000000000
513.924438 0.0000000000 0.0000000000 0.0000000000
513.774475 0.0000000000 0.0000000000 0.0000000000
513.624451 0.0000000000 0.0000000000 0.0000000000
513.474487 0.0000000000 0.0000000000 0.0000000000
513.324463 0.0000000000 0.0000000000 0.0000000000
513.174438 0.0000000000 0.0000000000 0.0000000000
513.024475 0.0000000000 0.0000000000 0.0000000000
512.874451 0.0000000000 0.0000000000 0.0000000000
512.724487 0.0000000000 0.0000000000 0.0000000000
512.574463 0.0000000000 0.0000000000 0.0000000000
512.424438 0.0000000000 0.0000000000 0.0000000000
512.274475 0.0000000000 0.0000000000 0.0000000000
512.124451 0.0000000000 0.0000000000 0.0000000000
511.974457 0.0000000000 0.0000000000 0.0000000000
511.824463 0.0000000000 0.0000000000 0.0000000000
511.674469 0.0000000000 0.0000000000 0.0000000000
511.524475 0.0000000000 0.0000000000 0.0000000000
511.374451 0.0000000000 0.0000000000 0.0000000000
511.224457 0.0000000000 0.0000000000 0.0000000000
511.074463 0.0000000000 0.0000000000 0.0000000000
510.924469 0.0000000000 0.0000000000 0.0000000000
510.774475 0.0000000000 0.0000000000 0.0000000000
510.624451 0.0000000000 0.0000000000 0.0000000000
510.474457 0.0000000000 0.0000000000 0.0000000000
510.324463 0.0000000000 0.0000000000 0.0000000000
510.174469 0.0000000000 0.0000000000 0.0000000000
510.024475 0.0000000000 0.0000000000 0.0000000000
509.874451 0.0000000000 0.0000000000 0.0000000000
509.724457 0.0000000000 0.0000000000 0.0000000000
509.574463 0.0000000000 0.0000000000 0.0000000000
509.424469 0.0000000000 0.0000000000 0.0000000000
509.274475 0.0000000000 0.0000000000 0.0000000000
509.124451 0.0000000000 0.0000000000 0.0000000000
508.974457 0.0000000000 0.0000000000 0.0000000000
508.824463 0.0000000000 0.0000000000 0.0000000000
508.674469 0.0000000000 0.0000000000 0.0000000000
508.524475 0.0000000000 0.0000000000 0.0000000000
508.374451 0.0000000000 0.0000000000 0.0000000000
508.224457 0.0000000000 0.0000000000 0.0000000000
508.074463 0.0000000000 0.0000000000 0.0000000000
507.924469 0.0000000000 0.0000000000 0.0000000000
507.774475 0.0000000000 0.0000000000 0.0000000000
507.624451 0.0000000000 0.0000000000 0.0000000000
507.474457 0.0000000000 0.0000000000 0.0000000000
507.324463 0.0000000000 0.0000000000 0.0000000000
507.174469 0.0000000000 0.0000000000 0.0000000000
507.024475 0.0000000000 0.0000000000 0.0000000000
506.874451 0.0000000000 0.0000000000 0.0000000000
506.724457 0.0000000000 0.0000000000 0.0000000000
506.574463 0.0000000000 0.0000000000 0.0000000000
506.424469 0.0000000000 0.0000000000 0.0000000000
506.274475 0.0000000000 0.0000000000 0.0000000000
506.124451 0.0000000000 0.0000000000 0.0000000000
505.974457 0.0000000000 0.0000000000 0.0000000000
505.824463 0.0000000000 0.0000000000 0.0000000000
505.674469 0.0000000000 0.0000000000 0.0000000000
505.524475 0.0000000000 0.0000000000 0.0000000000
505.374451 0.0000000000 0.0000000000 0.0000000000
505.224457 0.0000000000 0.0000000000 0.0000000000
505.074463 0.0000000000 0.0000000000 0.0000000000
504.924469 0.0000000000 0.0000000000 0.0000000000
504.774475 0.0000000000 0.0000000000 0.0000000000
504.624451 0.0000000000 0.0000000000 0.0000000000
504.474457 0.0000000000 0.0000000000 0.0000000000
504.324463 0.0000000000 0.0000000000 0.0000000000
504.174469 0.0000000000 0.0000000000 0.0000000000
504.024475 0.0000000000 0.0000000000 0.0000000000
503.874451 0.0000000000 0.0000000000 0.0000000000
503.724457 0.0000000000 0.0000000000 0.0000000000
503.574463 0.0000000000 0.0000000000 0.0000000000
503.424469 0.0000000000 0.0000000000 0.0000000000
503.274475 0.0000000000 0.0000000000 0.0000000000
503.124451 0.0000000000 0.0000000000 0.0000000000
502.974457 0.0000000000 0.0000000000 0.0000000000
502.824463 0.0000000000 0.0000000000 0.0000000000
502.674469 0.0000000000 0.0000000000 0.0000000000
502.524475 0.0000000000 0.0000000000 0.0000000000
502.374451 0.0000000000 0.0000000000 0.0000000000
502.224457 0.0000000000 0.0000000000 0.0000000000
502.074463 0.0000000000 0.0000000000 0.0000000000
501.924469 0.0000000000 0.0000000000 0.0000000000
501.774475 0.0000000000 0.0000000000 0.0000000000
501.624451 0.0000000000 0.0000000000 0.0000000000
501.474457 0.0000000000 0.0000000000 0.0000000000
501.324463 0.0000000000 0.0000000000 0.0000000000
501.174469 0.0000000000 0.0000000000 0.0000000000
501.024475 0.0000000000 0.0000000000 0.0000000000
500.874451 0.0000000000 0.0000000000 0.0000000000
500.724457 0.0000000000 0.0000000000 0.0000000000
500.574463 0.0000000000 0.0000000000 0.0000000000
500.424469 0.0000000000 0.0000000000 0.0000000000
500.274475 0.0000000000 0.0000000000 0.0000000000
500.124451 0.0000000000 0.0000000000 0.0000000000
499.974457 0.0000000000 0.0000000000 0.0000000000
499.824463 0.0000000000 0.0000000000 0.0000000000
499.674469 0.0000000000 0.0000000000 0.0000000000
499.524475 0.0000000000 0.0000000000 0.0000000000
499.374451 0.0000000000 0.0000000000 0.0000000000
499.224457 0.0000000000 0.0000000000 0.0000000000
499.074463 0.0000000000 0.0000000000 0.0000000000
498.924469 0.0000000000 0.0000000000 0.0000000000
498.774475 0.0000000000 0.0000000000 0.0000000000
498.624451 0.0000000000 0.0000000000 0.0000000000
498.474457 0.0000000000 0.0000000000 0.0000000000
498.324463 0.0000000000 0.0000000000 0.0000000000
498.174469 0.0000000000 0.0000000000 0.0000000000
498.024475 0.0000000000 0.0000000000 0.0000000000
497.874451 0.0000000000 0.0000000000 0.0000000000
497.724457 0.0000000000 0.0000000000 0.0000000000
497.574463 0.0000000000 0.0000000000 0.0000000000
497.424469 0.0000000000 0.0000000000 0.0000000000
497.274475 0.0000000000 0.0000000000 0.0000000000
497.124451 0.0000000000 0.0000000000 0.0000000000
496.974457 0.0000000000 0.0000000000 0.0000000000
496.824463 0.0000000000 0.0000000000 0.0000000000
496.674469 0.0000000000 0.0000000000 0.0000000000
496.524475 0.0000000000 0.0000000000 0.0000000000
496.374451 0.0000000000 0.0000000000 0.0000000000
496.224457 0.0000000000 0.0000000000 0.0000000000
496.074463 0.0000000000 0.0000000000 0.0000000000
495.924469 0.0000000000 0.0000000000 0.0000000000
495.774475 0.0000000000 0.0000000000 0.0000000000
495.624451 0.0000000000 0.0000000000 0.0000000000
495.474457 0.0000000000 0.0000000000 0.0000000000
495.324463 0.0000000000 0.0000000000 0.0000000000
495.174469 0.0000002558 0.0000002611 0.0000002611
495.024475 0.0000082098 0.0000083797 0.0000083797
494.874451 0.0000719360 0.0000744449 0.0000744449
494.724457 0.0003110604 0.0003502170 0.0003502170
494.574463 0.0012797399 0.0015746513 0.0015746513
494.424469 0.0041742432 0.0049191047 0.0049191047
494.274475 0.0165035166 0.0168883801 0.0168883801
494.124451 0.0963234305 0.0965548232 0.0965548232
493.974457 0.4058234990 0.4095068574 0.4095068574
493.824463 1.1230657101 1.1290346384 1.1290346384
493.674469 1.8219714165 1.8153505325 1.8153505325
493.524475 1.4832569361 1.4773101807 1.4773101807
493.374451 0.8680152297 0.8670401573 0.8670401573
493.224457 0.4407205582 0.4415870607 0.4415870607
493.074463 0.2164799273 0.2171937674 0.2171937674
492.924469 0.1077045947 0.1080216393 0.1080216393
492.774475 0.0522372201 0.0523721315 0.0523721315
492.624451 0.0224674270 0.0224958379 0.0224958379
492.474457 0.0051654060 0.0052467962 0.0052467962
492.324463 0.0009234971 0.0009644717 0.0009644717
492.174469 0.0001515965 0.0001598441 0.0001598441
492.024475 0.0000110022 0.0000115821 0.0000115821
491.874451 0.0000000000 0.0000000000 0.0000000000
491.724457 0.0000000000 0.0000000000 0.0000000000
491.574463 0.0000000000 0.0000000000 0.0000000000
491.424469 0.0000000000 0.0000000000 0.0000000000
491.274475 0.0000000000 0.0000000000 0.0000000000
491.124451 0.0000000000 0.0000000000 0.0000000000
490.974457 0.0000000000 0.0000000000 0.0000000000
490.824463 0.0000000000 0.0000000000 0.0000000000
490.674469 0.0000000000 0.0000000000 0.0000000000
490.524475 0.0000000000 0.0000000000 0.0000000000
490.374451 0.0000000000 0.0000000000 0.0000000000
490.224457 0.0000000000 0.0000000000 0.0000000000
490.074463 0.0000000000 0.0000000000 0.0000000000
489.924469 0.0000000000 0.0000000000 0.0000000000
489.774475 0.0000000000 0.0000000000 0.0000000000
489.624451 0.0000000000 0.0000000000 0.0000000000
489.474457 0.0000000000 0.0000000000 0.0000000000
489.324463 0.0000000000 0.0000000000 0.0000000000
489.174469 0.0000000000 0.0000000000 0.0000000000
489.024475 0.0000000000 0.0000000000 0.0000000000
488.874451 0.0000000000 0.0000000000 0.0000000000
488.724457 0.0000000000 0.0000000000 0.0000000000
488.574463 0.0000000000 0.0000000000 0.0000000000
488.424469 0.0000000000 0.0000000000 0.0000000000
488.274475 0.0000000000 0.0000000000 0.0000000000
488.124451 0.0000000000 0.0000000000 0.0000000000
487.974457 0.0000000000 0.0000000000 0.0000000000
487.824463 0.0000000000 0.0000000000 0.0000000000
487.674469 0.0000000000 0.0000000000 0.0000000000
487.524475 0.0000000000 0.0000000000 0.0000000000
487.374451 0.0000000000 0.0000000000 0.0000000000
487.224457 0.0000000000 0.0000000000 0.0000000000
487.074463 0.0000000000 0.0000000000 0.0000000000
486.924469 0.0000000000 0.0000000000 0.0000000000
486.774475 0.0000000000 0.0000000000 0.0000000000
486.624451 0.0000000000 0.0000000000 0.0000000000
486.474457 0.0000000000 0.0000000000 0.0000000000
486.324463 0.0000000000 0.0000000000 0.0000000000
486.174469 0.0000000000 0.0000000000 0.0000000000
486.024475 0.0000000000 0.0000000000 0.0000000000
485.874451 0.0000000000 0.0000000000 0.0000000000
485.724457 0.0000000000 0.0000000000 0.0000000000
485.574463 0.0000000000 0.0000000000 0.0000000000
485.424469 0.0000000000 0.0000000000 0.0000000000
485.274475 0.0000000000 0.0000000000 0.0000000000
485.124451 0.0000000000 0.0000000000 0.0000000000
484.974457 0.0000000000 0.0000000000 0.0000000000
484.824463 0.0000000000 0.0000000000 0.0000000000
484.674469 0.0000000000 0.0000000000 0.0000000000
484.524475 0.0000000000 0.0000000000 0.0000000000
484.374451 0.0000000000 0.0000000000 0.0000000000
484.224457 0.0000000000 0.0000000000 0.0000000000
484.074463 0.0000000000 0.0000000000 0.0000000000
483.924469 0.0000000000 0.0000000000 0.0000000000
483.774475 0.0000000000 0.0000000000 0.0000000000
483.624451 0.0000000000 0.0000000000 0.0000000000
483.474457 0.0000000000 0.0000000000 0.0000000000
483.324463 0.0000000000 0.0000000000 0.0000000000
483.174469 0.0000000000 0.0000000000 0.0000000000
483.024475 0.0000000000 0.0000000000 0.0000000000
482.874451 0.0000000000 0.0000000000 0.0000000000
482.724457 0.0000000000 0.0000000000 0.0000000000
482.574463 0.0000000000 0.0000000000 0.0000000000
482.424469 0.0000000000 0.0000000000 0.0000000000
482.274475 0.0000000000 0.0000000000 0.0000000000
482.124451 0.0000000000 0.0000000000 0.0000000000
481.974457 0.0000000000 0.0000000000 0.0000000000
481.824463 0.0000000000 0.0000000000 0.0000000000
481.674469 0.0000000000 0.0000000000 0.0000000000
481.524475 0.0000000000 0.0000000000 0.0000000000
481.374451 0.0000000000 0.0000000000 0.0000000000
481.224457 0.0000000000 0.0000000000 0.0000000000
481.074463 0.0000000000 0.0000000000 0.0000000000
480.924469 0.0000000000 0.0000000000 0.0000000000
480.774475 0.0000000000 0.0000000000 0.0000000000
480.624451 0.0000000000 0.0000000000 0.0000000000
480.474457 0.0000000000 0.0000000000 0.0000000000
480.324463 0.0000000000 0.0000000000 0.0000000000
480.174469 0.0000000000 0.0000000000 0.0000000000
480.024475 0.0000000000 0.0000000000 0.0000000000
479.874451 0.0000000000 0.0000000000 0.0000000000
479.724457 0.0000000000 0.0000000000 0.0000000000
479.574463 0.0000000000 0.0000000000 0.0000000000
479.424469 0.0000000000 0.0000000000 0.0000000000
479.274475 0.0000000000 0.0000000000 0.0000000000
479.124451 0.0000000000 0.0000000000 0.0000000000
478.974457 0.0000000000 0.0000000000 0.0000000000
478.824463 0.0000000000 0.0000000000 0.0000000000
478.674469 0.0000000000 0.0000000000 0.0000000000
478.524475 0.0000000000 0.0000000000 0.0000000000
478.374451 0.0000000000 0.0000000000 0.0000000000
478.224457 0.0000000000 0.0000000000 0.0000000000
478.074463 0.0000000000 0.0000000000 0.0000000000
477.924469 0.0000000000 0.0000000000 0.0000000000
477.774475 0.0000000000 0.0000000000 0.0000000000
477.624451 0.0000000000 0.0000000000 0.0000000000
477.474457 0.0000000000 0.0000000000 0.0000000000
477.324463 0.0000000000 0.0000000000 0.0000000000
477.174469 0.0000000000 0.0000000000 0.0000000000
477.024475 0.0000000000 0.0000000000 0.0000000000
476.874451 0.0000000000 0.0000000000 0.0000000000
476.724457 0.0000000000 0.0000000000 0.0000000000
476.574463 0.0000000000 0.0000000000 0.0000000000
476.424469 0.0000000000 0.0000000000 0.0000000000
476.274475 0.0000000000 0.0000000000 0.0000000000
476.124451 0.0000000000 0.0000000000 0.0000000000
475.974457 0.0000000000 0.0000000000 0.0000000000
475.824463 0.0000000000 0.0000000000 0.0000000000
475.674469 0.0000000000 0.0000000000 0.0000000000
475.524475 0.0000000000 0.0000000000 0.0000000000
475.374451 0.0000000000 0.0000000000 0.0000000000
475.224457 0.0000000000 0.0000000000 0.0000000000
475.074463 0.0000000000 0.0000000000 0.0000000000
474.924469 0.0000000000 0.0000000000 0.0000000000
474.774475 0.0000000000 0.0000000000 0.0000000000
474.624451 0.0000000000 0.0000000000 0.0000000000
474.474457 0.0000000000 0.0000000000 0.0000000000
474.324463 0.0000000000 0.0000000000 0.0000000000
474.174469 0.0000000000 0.0000000000 0.0000000000
474.024475 0.0000000000 0.0000000000 0.0000000000
473.874451 0.0000000000 0.0000000000 0.0000000000
473.724457 0.0000000000 0.0000000000 0.0000000000
473.574463 0.0000000000 0.0000000000 0.0000000000
473.424469 0.0000000000 0.0000000000 0.0000000000
473.274475 0.0000000000 0.0000000000 0.0000000000
473.124451 0.0000000000 0.0000000000 0.0000000000
472.974457 0.0000000000 0.0000000000 0.0000000000
472.824463 0.0000000000 0.0000000000 0.0000000000
472.674469 0.0000000000 0.0000000000 0.0000000000
472.524475 0.0000000000 0.0000000000 0.0000000000
472.374451 0.0000000000 0.0000000000 0.0000000000
472.224457 0.0000000000 0.0000000000 0.0000000000
472.074463 0.0000000000 0.0000000000 0.0000000000
471.924469 0.0000000000 0.0000000000 0.0000000000
471.774475 0.0000000000 0.0000000000 0.0000000000
471.624451 0.0000000000 0.0000000000 0.0000000000
471.474457 0.0000000000 0.0000000000 0.0000000000
471.324463 0.0000000000 0.0000000000 0.0000000000
471.174469 0.0000000000 0.0000000000 0.0000000000
471.024475 0.0000000000 0.0000000000 0.0000000000
470.874451 0.0000000000 0.0000000000 0.0000000000
470.724457 0.0000000000 0.0000000000 0.0000000000
470.574463 0.0000000000 0.0000000000 0.0000000000
470.424469 0.0000000000 0.0000000000 0.0000000000
470.274475 0.0000000000 0.0000000000 0.0000000000
470.124451 0.0000000000 0.0000000000 0.0000000000
469.974457 0.0000000000 0.0000000000 0.0000000000
469.824463 0.0000000000 0.0000000000 0.0000000000
469.674469 0.0000000000 0.0000000000 0.0000000000
469.524475 0.0000000000 0.0000000000 0.0000000000
469.374451 0.0000000000 0.0000000000 0.0000000000
469.224457 0.0000000000 0.0000000000 0.0000000000
469.074463 0.0000000000 0.0000000000 0.0000000000
468.924469 0.0000000000 0.0000000000 0.0000000000
468.774475 0.0000000000 0.0000000000 0.0000000000
468.624451 0.0000000000 0.0000000000 0.0000000000
468.474457 0.0000000000 0.0000000000 0.0000000000
468.324463 0.0000000000 0.0000000000 0.0000000000
468.174469 0.0000000000 0.0000000000 0.0000000000
468.024475 0.0000000000 0.0000000000 0.0000000000
467.874451 0.0000000000 0.0000000000 0.0000000000
467.724457 0.0000000000 0.0000000000 0.0000000000
467.574463 0.0000000000 0.0000000000 0.0000000000
467.424469 0.0000000000 0.0000000000 0.0000000000
467.274475 0.0000000000 0.0000000000 0.0000000000
467.124451 0.0000000000 0.0000000000 0.0000000000
466.974457 0.0000000000 0.0000000000 0.0000000000
466.824463 0.0000000000 0.0000000000 0.0000000000
466.674469 0.0000000000 0.0000000000 0.0000000000
466.524475 0.0000000000 0.0000000000 0.0000000000
466.374451 0.0000000000 0.0000000000 0.0000000000
466.224457 0.0000000000 0.0000000000 0.0000000000
466.074463 0.0000000000 0.0000000000 0.0000000000
465.924469 0.0000000000 0.0000000000 0.0000000000
465.774475 0.0000000000 0.0000000000 0.0000000000
465.624451 0.0000000000 0.0000000000 0.0000000000
465.474457 0.0000000000 0.0000000000 0.0000000000
465.324463 0.0000000000 0.0000000000 0.0000000000
465.174469 0.0000000000 0.0000000000 0.0000000000
465.024475 0.0000000000 0.0000000000 0.0000000000
464.874451 0.0000000000 0.0000000000 0.0000000000
464.724457 0.0000000000 0.0000000000 0.0000000000
464.574463 0.0000000000 0.0000000000 0.0000000000
464.424469 0.0000000000 0.0000000000 0.0000000000
464.274475 0.0000000000 0.0000000000 0.0000000000
464.124451 0.0000000000 0.0000000000 0.0000000000
463.974457 0.0000000000 0.0000000000 0.0000000000
463.824463 0.0000000000 0.0000000000 0.0000000000
463.674469 0.0000000000 0.0000000000 0.0000000000
463.524475 0.0000000000 0.0000000000 0.0000000000
463.374451 0.0000000000 0.0000000000 0.0000000000
463.224457 0.0000000000 0.0000000000 0.0000000000
463.074463 0.0000000000 0.0000000000 0.0000000000
462.924469 0.0000000000 0.0000000000 0.0000000000
462.774475 0.0000000000 0.0000000000 0.0000000000
462.624451 0.0000000000 0.0000000000 0.0000000000
462.474457 0.0000000000 0.0000000000 0.0000000000
462.324463 0.0000000000 0.0000000000 0.0000000000
462.174469 0.0000000000 0.0000000000 0.0000000000
462.024475 0.0000000000 0.0000000000 0.0000000000
461.874451 0.0000000000 0.0000000000 0.0000000000
461.724457 0.0000000000 0.0000000000 0.0000000000
461.574463 0.0000000000 0.0000000000 0.0000000000
461.424469 0.0000000000 0.0000000000 0.0000000000
461.274475 0.0000000000 0.0000000000 0.0000000000
461.124451 0.0000000000 0.0000000000 0.0000000000
460.974457 0.0000000000 0.0000000000 0.0000000000
460.824463 0.0000000000 0.0000000000 0.0000000000
460.674469 0.0000000000 0.0000000000 0.0000000000
460.524475 0.0000000000 0.0000000000 0.0000000000
460.374451 0.0000000000 0.0000000000 0.0000000000
460.224457 0.0000000000 0.0000000000 0.0000000000
460.074463 0.0000000000 0.0000000000 0.0000000000
459.924469 0.0000000000 0.0000000000 0.0000000000
459.774475 0.0000000000 0.0000000000 0.0000000000
459.624451 0.0000000000 0.0000000000 0.0000000000
459.474457 0.0000000000 0.0000000000 0.0000000000
459.324463 0.0000000000 0.0000000000 0.0000000000
459.174469 0.0000000000 0.0000000000 0.0000000000
459.024475 0.0000000000 0.0000000000 0.0000000000
458.874451 0.0000000000 0.0000000000 0.0000000000
458.724457 0.0000000000 0.0000000000 0.0000000000
458.574463 0.0000000000 0.0000000000 0.0000000000
458.424469 0.0000000000 0.0000000000 0.0000000000
458.274475 0.0000000000 0.0000000000 0.0000000000
458.124451 0.0000000000 0.0000000000 0.0000000000
457.974457 0.0000000000 0.0000000000 0.0000000000
457.824463 0.0000000000 0.0000000000 0.0000000000
457.674469 0.0000000000 0.0000000000 0.0000000000
457.524475 0.0000000000 0.0000000000 0.0000000000
